FIPS,Med_Child_Est,Med_Adult_Est,Med_Elderly_Est,Med_Demand
1001,6992,1788,583,9363
1003,22459,6600,2102,31161
1005,4997,1530,662,7189
1007,2430,1184,363,3977
1009,6033,2289,707,9029
1011,2354,529,197,3080
1013,3078,1152,424,4654
1015,17940,6026,1770,25736
1017,5295,1536,610,7441
1019,3350,1218,411,4979
1021,7124,1917,451,9492
1023,1999,789,329,3117
1025,4185,1842,410,6437
1027,2098,753,213,3064
1029,2136,704,287,3127
1031,7075,2002,891,9968
1033,6142,2167,935,9244
1035,1607,606,378,2591
1037,1318,510,225,2053
1039,4808,1391,632,6831
1041,1914,816,308,3038
1043,11428,3074,1242,15744
1045,7243,2649,804,10696
1047,9379,3189,892,13460
1049,13712,3124,1621,18457
1051,9006,2738,775,12519
1053,4506,1363,423,6292
1055,14594,5051,1891,21536
1057,2810,928,350,4088
1059,5227,1246,494,6967
1061,4700,1394,562,6656
1063,2025,753,268,3046
1065,3068,1172,355,4595
1067,2522,871,232,3625
1069,16568,5079,1485,23132
1071,7441,2567,1060,11068
1073,89556,28774,8668,126998
1075,2060,735,240,3035
1077,10845,3319,1336,15500
1079,4620,1651,491,6762
1081,17386,5366,1231,23983
1083,10559,3074,1103,14736
1085,2122,1001,228,3351
1087,3351,1248,507,5106
1089,36134,10007,3530,49671
1091,3230,1203,452,4885
1093,4166,1251,584,6001
1095,16597,3880,1228,21705
1097,68855,18765,5766,93386
1099,4109,1160,391,5660
1101,39395,11114,3382,53891
1103,16688,4416,1616,22720
1105,2132,831,287,3250
1107,2931,1002,642,4575
1109,4634,1627,551,6812
1111,3202,825,443,4470
1113,10480,3330,811,14621
1115,8836,2718,1023,12577
1117,15017,3639,1838,20494
1119,2623,898,442,3963
1121,13444,4875,1337,19656
1123,6759,2173,901,9833
1125,23042,8737,2317,34096
1127,9332,3195,1129,13656
1129,2549,1116,370,4035
1131,2755,935,333,4023
1133,3469,1182,692,5343
2013,328,337,58,723
2016,317,273,57,647
2020,34833,37662,8949,81444
2050,6633,6356,1103,14092
2060,114,91,22,227
2068,104,100,27,231
2070,1518,1431,270,3219
2090,8873,9900,1991,20764
2100,348,387,279,1014
2105,312,387,139,838
2110,3070,3743,828,7641
2122,7246,9335,2213,18794
2130,1797,2372,614,4783
2150,1710,1951,290,3951
2158,4140,3627,368,8135
2164,318,330,104,752
2170,14316,17216,3103,34635
2180,3125,2802,447,6374
2185,1370,944,266,2580
2188,2704,1852,511,5067
2195,340,693,195,1228
2198,1130,1212,295,2637
2220,668,644,215,1527
2230,72,77,7,156
2240,1165,1045,219,2429
2261,502,1105,430,2037
2275,317,407,115,839
2282,136,91,4,231
2290,1406,1254,387,3047
5001,2882,3065,598,6545
5003,2975,3607,972,7554
5005,3791,4618,1184,9593
5007,26001,15454,4283,45738
5009,5296,5051,1323,11670
5011,1893,1751,368,4012
5013,589,633,253,1475
5015,3938,3037,863,7838
5017,2053,1929,456,4438
5019,2357,2433,630,5420
5021,2471,2733,737,5941
5023,2873,2848,947,6668
5025,1305,1113,290,2708
5027,3205,3337,662,7204
5029,3112,2906,731,6749
5031,14606,15268,2406,32280
5033,7942,8994,2028,18964
5035,8344,8071,1334,17749
5037,2302,2546,668,5516
5039,773,1016,235,2024
5041,2312,2453,456,5221
5043,2292,2910,515,5717
5045,11666,13029,2102,26797
5047,2201,3007,847,6055
5049,1554,1732,544,3830
5051,12606,13010,2739,28355
5053,1874,2207,398,4479
5055,6188,6664,1238,14090
5057,3517,3071,587,7175
5059,4688,4745,1065,10498
5061,2615,1798,319,4732
5063,4617,4322,1328,10267
5065,1432,2257,506,4195
5067,2412,2715,688,5815
5069,9979,10033,2325,22337
5071,3834,3596,967,8397
5073,849,1009,405,2263
5075,2099,2687,580,5366
5077,1346,1791,452,3589
5079,1363,1406,395,3164
5081,1647,1688,331,3666
5083,3073,3171,903,7147
5085,7677,7717,1311,16705
5087,2151,2041,392,4584
5089,1778,2728,625,5131
5091,6115,5287,1315,12717
5093,7562,7938,1535,17035
5095,1131,1348,496,2975
5097,1199,1358,297,2854
5099,1462,1294,332,3088
5101,576,939,338,1853
5103,3680,3982,769,8431
5105,1351,1701,443,3495
5107,3449,4579,1184,9212
5109,1453,1785,411,3649
5111,4533,3906,862,9301
5113,3171,3378,638,7187
5115,7808,8680,1206,17694
5117,1069,789,483,2341
5119,45977,46343,8283,100603
5121,2644,3103,706,6453
5123,4458,4399,1237,10094
5125,10901,10095,2228,23224
5127,1742,1779,542,4063
5129,826,1714,419,2959
5131,17656,15394,2949,35999
5133,3062,1835,301,5198
5135,2639,3271,666,6576
5137,1634,2343,760,4737
5139,4982,4810,1243,11035
5141,2475,2594,745,5814
5143,25239,16866,3481,45586
5145,9702,10077,2228,22007
5147,977,1381,406,2764
5149,2950,2396,741,6087
6001,128170,204493,48451,381114
6003,112,232,49,393
6005,3178,4874,1143,9195
6007,26799,46270,7567,80636
6009,3598,6484,1334,11416
6011,4513,3698,627,8838
6013,94893,120156,26127,241176
6015,4439,5732,899,11070
6017,11764,21880,4627,38271
6019,204418,205559,32163,442140
6021,5204,5328,928,11460
6023,17890,29860,3338,51088
6025,35652,40106,12065,87823
6027,1489,2114,759,4362
6029,175748,178629,24750,379127
6031,22917,22042,3964,48923
6033,10529,15002,3040,28571
6035,2091,2601,452,5144
6037,1321782,1615373,418802,3355957
6039,32849,32506,4503,69858
6041,14710,18416,5613,38739
6043,1524,2658,553,4735
6045,15237,18700,2800,36737
6047,63067,63253,9885,136205
6049,866,1669,327,2862
6051,1122,1169,178,2469
6053,75747,58265,12926,146938
6055,12977,13080,3680,29737
6057,7255,11706,2575,21536
6059,324136,346232,86219,756587
6061,20890,31151,7429,59470
6063,1291,3174,511,4976
6065,344215,369020,65988,779223
6067,194970,251335,47697,494002
6069,7998,8417,1338,17753
6071,361608,370687,55934,788229
6073,309914,365853,90429,766196
6075,40909,102049,44729,187687
6077,120438,135297,23504,279239
6079,20968,27388,5155,53511
6081,45975,65763,20458,132196
6083,61934,50568,9970,122472
6085,135136,180460,61367,376963
6087,28283,34783,6548,69614
6089,22944,31890,5453,60287
6091,272,327,120,719
6093,5983,8771,1753,16507
6095,45470,54352,10293,110115
6097,44390,56282,12666,113338
6099,94954,109703,17116,221773
6101,15985,18442,3601,38028
6103,9938,13719,2219,25876
6105,1342,2344,504,4190
6107,99561,96765,14216,210542
6109,4271,7274,1492,13037
6111,89547,87547,20277,197371
6113,22186,26898,5178,54262
6115,13323,14068,1723,29114
8001,77035,64291,8942,150268
8003,2982,4139,568,7689
8005,63525,64903,12080,140508
8007,1444,2017,248,3709
8009,542,649,192,1383
8011,792,1074,180,2046
8013,21793,28587,4192,54572
8014,3644,4008,875,8527
8015,1816,1810,377,4003
8017,320,277,70,667
8019,325,735,176,1236
8021,1549,2098,576,4223
8023,691,1070,373,2134
8025,860,1683,111,2654
8027,615,746,214,1575
8029,4276,5088,1607,10971
8031,87524,95930,17991,201445
8033,197,295,33,525
8035,12787,13233,2723,28743
8037,4597,2697,260,7554
8039,1916,2244,300,4460
8041,72493,84430,11110,168033
8043,5240,6732,1511,13483
8045,8085,5576,1005,14666
8047,297,567,1,865
8049,1634,1330,86,3050
8051,1566,1900,187,3653
8053,92,72,16,180
8055,620,958,632,2210
8057,218,187,4,409
8059,37730,49518,9729,96977
8061,230,153,49,432
8063,828,664,145,1637
8065,985,1381,191,2557
8067,4180,5937,916,11033
8069,25597,33098,5023,63718
8071,1936,2912,649,5497
8073,384,338,171,893
8075,2604,3623,620,6847
8077,19536,24199,3372,47107
8079,36,109,44,189
8081,1337,1446,224,3007
8083,4150,4917,815,9882
8085,6621,7256,1346,15223
8087,5001,4126,829,9956
8089,3076,4184,802,8062
8091,215,559,150,924
8093,1289,1831,295,3415
8095,590,458,111,1159
8097,773,820,192,1785
8099,2628,2395,441,5464
8101,28020,37096,5948,71064
8103,827,626,146,1599
8105,1790,2499,352,4641
8107,1157,1525,243,2925
8109,1280,1567,361,3208
8111,28,90,7,125
8113,400,771,110,1281
8115,390,374,88,852
8117,1505,1965,135,3605
8119,1957,3223,508,5688
8121,728,714,182,1624
8123,35501,33984,4945,74430
8125,1580,1132,507,3219
9001,82084,94455,18953,195492
9003,90674,116970,27502,235146
9005,12801,19960,6201,38962
9007,9768,14053,4176,27997
9009,95326,124146,25271,244743
9011,25047,34412,7305,66764
9013,7493,12540,3089,23122
9015,13555,18696,3591,35842
10001,25417,24968,3490,53875
10003,53524,59912,10260,123696
10005,27997,25169,5880,59046
12001,22994,10184,3312,36490
12003,3146,1288,199,4633
12005,23337,10287,2675,36299
12007,3933,1612,562,6107
12009,54567,25065,9405,89037
12011,240032,68721,31285,340038
12013,2114,1204,322,3640
12015,15673,6434,3647,25754
12017,17821,8506,3192,29519
12019,21682,9066,2592,33340
12021,39449,7978,5329,52756
12023,10222,4177,1325,15724
12027,7429,4562,951,12942
12029,2650,1327,392,4369
12031,127709,48152,12479,188340
12033,39866,14752,3368,57986
12035,8475,3811,3272,15558
12037,1718,592,285,2595
12039,8497,3048,827,12372
12041,2215,827,293,3335
12043,1748,894,495,3137
12045,1626,859,339,2824
12047,2118,853,366,3337
12049,7926,3142,773,11841
12051,10001,2592,779,13372
12053,22608,10466,3681,36755
12055,15292,7569,2953,25814
12057,180580,65801,20188,266569
12059,2295,1312,428,4035
12061,17448,6528,2727,26703
12063,5309,2375,834,8518
12065,1407,739,393,2539
12067,1198,471,242,1911
12069,38075,13036,5555,56666
12071,83124,26634,12152,121910
12073,24472,11360,2500,38332
12075,6955,3140,765,10860
12077,1041,370,214,1625
12079,2852,1252,281,4385
12081,41240,13808,5603,60651
12083,49377,19293,6558,75228
12085,13385,4354,2442,20181
12086,412176,126983,110177,649336
12087,6057,2111,1265,9433
12089,5940,2925,932,9797
12091,19009,6928,1766,27703
12093,7484,2992,737,11213
12095,176684,60002,18338,255024
12097,56572,19166,6512,82250
12099,156847,48764,24061,229672
12101,60905,27146,10604,98655
12103,88971,41595,16762,147328
12105,101380,38148,12947,152475
12107,14181,5775,1672,21628
12109,14436,6213,2485,23134
12111,42029,14839,5610,62478
12113,15937,6300,1303,23540
12115,29452,11483,7180,48115
12117,38985,14951,4653,58589
12119,5293,2869,2863,11025
12121,7407,3623,988,12018
12123,2820,1312,493,4625
12125,1763,518,193,2474
12127,57686,26579,9012,93277
12129,3146,1178,313,4637
12131,7369,2768,797,10934
12133,3860,1724,424,6008
13001,3778,1390,531,5699
13003,2240,511,136,2887
13005,1797,575,178,2550
13007,391,234,149,774
13009,5377,2040,924,8341
13011,2303,1024,436,3763
13013,10955,3009,1094,15058
13015,14457,5182,1352,20991
13017,3206,1028,617,4851
13019,3439,1152,446,5037
13021,26724,9633,3119,39476
13023,1358,841,336,2535
13025,3615,1689,315,5619
13027,2491,946,422,3859
13029,3545,913,202,4660
13031,9225,3257,872,13354
13033,4788,1446,522,6756
13035,3286,1380,471,5137
13037,889,270,119,1278
13039,5578,1818,457,7853
13043,2173,741,309,3223
13045,16029,5795,1788,23612
13047,6075,2248,910,9233
13049,1738,877,213,2828
13051,33239,10700,4830,48769
13053,791,271,45,1107
13055,3598,1738,793,6129
13057,16447,5021,1739,23207
13059,14420,5511,1695,21626
13061,663,247,154,1064
13063,58081,15112,3331,76524
13065,1632,332,208,2172
13067,62846,15678,5844,84368
13069,7237,2173,873,10283
13071,10327,2717,730,13774
13073,8196,3669,1516,13381
13075,2899,1028,468,4395
13077,13488,4248,1445,19181
13079,1480,780,340,2600
13081,4226,1597,597,6420
13083,1697,688,310,2695
13085,2348,782,212,3342
13087,5259,1914,695,7868
13089,101703,30197,10838,142738
13091,2446,1290,588,4324
13093,1969,690,614,3273
13095,19372,6744,2321,28437
13097,19166,5290,1807,26263
13099,2339,578,275,3192
13101,393,173,104,670
13103,5111,1731,557,7399
13105,3251,1372,490,5113
13107,4679,1262,450,6391
13109,2245,368,300,2913
13111,2188,1013,788,3989
13113,6302,2126,1217,9645
13115,13826,5136,1252,20214
13117,10438,2551,1668,14657
13119,3402,1605,885,5892
13121,107180,38870,14233,160283
13123,3308,1130,558,4996
13125,424,208,57,689
13127,11574,4184,1374,17132
13129,8508,2788,712,12008
13131,4879,1532,536,6947
13133,2315,804,540,3659
13135,118434,22799,7740,148973
13137,4520,1180,1209,6909
13139,27021,5696,2926,35643
13141,971,314,390,1675
13143,4178,1664,564,6406
13145,2966,1002,482,4450
13147,3969,1511,628,6108
13149,1963,703,343,3009
13151,25914,7475,1550,34939
13153,18376,6094,2220,26690
13155,1166,694,276,2136
13157,7887,2616,992,11495
13159,2213,785,486,3484
13161,2999,914,480,4393
13163,2977,903,553,4433
13165,1856,697,275,2828
13167,1740,760,455,2955
13169,3759,1551,417,5727
13171,2245,1050,493,3788
13173,1228,706,368,2302
13175,7348,3220,1680,12248
13177,3496,1000,404,4900
13179,8093,2113,771,10977
13181,962,313,113,1388
13183,2953,1161,167,4281
13185,14583,5289,1979,21851
13187,1971,858,516,3345
13189,3927,1654,637,6218
13191,1440,620,496,2556
13193,2306,839,432,3577
13195,4307,1625,634,6566
13197,1072,421,220,1713
13199,3265,1244,808,5317
13201,1059,269,194,1522
13205,4579,1050,684,6313
13207,2332,1152,510,3994
13209,1304,486,224,2014
13211,2335,942,409,3686
13213,6827,2231,791,9849
13215,28716,10953,3637,43306
13217,18111,5981,1484,25576
13219,1953,466,282,2701
13221,2373,639,325,3337
13223,16126,4851,1456,22433
13225,4170,2099,542,6811
13227,2940,1494,375,4809
13229,2969,1371,390,4730
13231,1694,600,290,2584
13233,7111,2200,647,9958
13235,1323,827,336,2486
13237,3556,1017,481,5054
13239,323,102,143,568
13241,1796,809,482,3087
13243,2214,502,287,3003
13245,32689,13551,3718,49958
13247,11874,3052,1702,16628
13249,771,233,154,1158
13251,2446,1049,523,4018
13253,1507,629,201,2337
13255,11308,4908,1293,17509
13257,3545,1893,789,6227
13259,800,265,121,1186
13261,5805,1896,706,8407
13263,614,389,215,1218
13265,159,179,83,421
13267,3730,1013,393,5136
13269,1309,556,265,2130
13271,2005,735,514,3254
13273,1990,607,231,2828
13275,7564,2971,1060,11595
13277,6931,2156,650,9737
13279,5657,1926,1014,8597
13281,1168,399,232,1799
13283,909,436,221,1566
13285,10204,3311,1532,15047
13287,1499,681,119,2299
13289,789,653,365,1807
13291,2378,875,419,3672
13293,4353,1933,544,6830
13295,8511,3720,1355,13586
13297,11478,3473,1421,16372
13299,6834,2578,696,10108
13301,950,434,224,1608
13303,3990,1460,538,5988
13305,4362,1502,573,6437
13307,405,119,63,587
13309,859,478,312,1649
13311,3003,1039,383,4425
13313,17598,3152,1316,22066
13315,950,341,135,1426
13317,1546,435,308,2289
13319,1371,604,326,2301
13321,3370,1073,434,4877
15001,32405,37451,6384,76240
15003,84212,97418,28821,210451
15005,3,7,3,13
15007,9169,8652,1917,19738
15009,18364,18159,3826,40349
16001,29345,23616,9141,62102
16003,310,195,156,661
16005,9446,8331,1583,19360
16007,430,374,114,918
16009,943,1097,255,2295
16011,6494,2671,833,9998
16013,2212,853,210,3275
16015,647,418,289,1354
16017,4242,3819,1232,9293
16019,14026,8049,1966,24041
16021,1024,831,258,2113
16023,179,230,60,469
16025,144,33,40,217
16027,36121,19718,5303,61142
16029,541,406,118,1065
16031,3520,1524,495,5539
16033,213,106,23,342
16035,595,583,265,1443
16037,340,383,143,866
16039,2829,1750,1030,5609
16041,1211,621,160,1992
16043,1885,790,265,2940
16045,1890,1838,966,4694
16047,2283,1060,433,3776
16049,1511,1326,578,3415
16051,3820,2014,409,6243
16053,3879,1532,505,5916
16055,14045,10155,3280,27480
16057,2394,2340,480,5214
16059,793,597,241,1631
16061,330,339,206,875
16063,1004,362,115,1481
16065,4994,3203,442,8639
16067,3272,868,358,4498
16069,3680,3609,1251,8540
16071,384,325,143,852
16073,1537,730,379,2646
16075,2943,1981,712,5636
16077,1347,359,123,1829
16079,1367,1296,368,3031
16081,749,494,85,1328
16083,9246,5081,2071,16398
16085,690,1178,475,2343
16087,1154,698,332,2184
17001,6830,8102,1393,16325
17003,1502,1589,202,3293
17005,1459,1659,275,3393
17007,5836,5019,1110,11965
17009,403,504,124,1031
17011,3338,3819,576,7733
17013,466,637,147,1250
17015,1233,1464,353,3050
17017,1596,1543,215,3354
17019,15949,16859,2382,35190
17021,3351,4016,879,8246
17023,2165,2013,351,4529
17025,1704,2131,536,4371
17027,2644,2954,702,6300
17029,5983,8346,843,15172
17031,644206,620466,123949,1388621
17033,1758,1973,409,4140
17035,1318,1375,245,2938
17037,10532,10848,1127,22507
17039,1714,1736,276,3726
17041,2185,1778,227,4190
17043,55907,49855,13001,118763
17045,1782,2155,366,4303
17047,614,652,136,1402
17049,3978,3428,717,8123
17051,2926,3602,1063,7591
17053,1926,1901,253,4080
17055,5667,7697,1138,14502
17057,4057,4559,707,9323
17059,822,1013,203,2038
17061,1779,2279,319,4377
17063,4034,3970,556,8560
17065,776,878,329,1983
17067,1993,2285,387,4665
17069,379,742,149,1270
17071,481,562,216,1259
17073,4199,4863,832,9894
17075,3250,3541,815,7606
17077,6204,8506,968,15678
17079,1090,996,210,2296
17081,5097,5534,1165,11796
17083,983,2392,441,3816
17085,1337,1421,487,3245
17087,1133,1074,318,2525
17089,63562,39476,6281,109319
17091,11674,13610,2790,28074
17093,8877,8059,854,17790
17095,5972,7475,1416,14863
17097,61071,43050,8414,112535
17099,11084,12899,1685,25668
17101,1817,2133,343,4293
17103,2803,3245,530,6578
17105,3825,4275,696,8796
17107,2611,3136,651,6398
17109,2451,3780,448,6679
17111,21632,18573,2923,43128
17113,12861,13490,1724,28075
17115,13463,14991,2731,31185
17117,4950,6132,999,12081
17119,24704,30588,4328,59620
17121,6413,6837,1073,14323
17123,1034,1149,203,2386
17125,2051,2174,248,4473
17127,1880,2523,536,4939
17129,1207,1047,180,2434
17131,1270,1351,499,3120
17133,1135,1586,442,3163
17135,3033,3377,579,6989
17137,3313,4219,918,8450
17139,1180,1144,237,2561
17141,4921,4957,798,10676
17143,21567,23429,3192,48188
17145,2115,3048,689,5852
17147,949,894,209,2052
17149,1981,2231,440,4652
17151,339,666,97,1102
17153,874,1201,328,2403
17155,610,517,56,1183
17157,3349,3747,485,7581
17159,2019,2504,469,4992
17161,17166,17089,2575,36830
17163,29721,36285,4637,70643
17165,3764,5589,1002,10355
17167,22298,24293,3723,50314
17169,668,740,186,1594
17171,619,627,101,1347
17173,2000,2293,306,4599
17175,521,530,69,1120
17177,6189,5967,924,13080
17179,11955,13169,2111,27235
17181,1924,3000,483,5407
17183,11141,12232,1786,25159
17185,1263,1670,278,3211
17187,2338,2207,216,4761
17189,1048,1119,215,2382
17191,1925,2217,464,4606
17193,1687,2002,339,4028
17195,6102,6150,867,13119
17197,54312,49589,8803,112704
17199,7420,9119,1664,18203
17201,40064,41864,5854,87782
17203,2701,2703,423,5827
18001,3520,2225,359,6104
18003,54229,36022,5712,95963
18005,8000,6439,996,15435
18007,1423,1002,195,2620
18009,1463,1390,385,3238
18011,4089,3538,545,8172
18013,1144,1324,380,2848
18015,1987,1300,260,3547
18017,5069,3483,650,9202
18019,12359,9276,1887,23522
18021,3421,2655,559,6635
18023,4820,2694,549,8063
18025,1236,1518,384,3138
18027,4421,2631,521,7573
18029,5166,3950,894,10010
18031,3221,2265,427,5913
18033,4334,3479,744,8557
18035,13583,12748,2382,28713
18037,3761,1353,686,5800
18039,31747,17798,2996,52541
18041,3101,3120,889,7110
18043,8013,6461,1258,15732
18045,1909,1554,396,3859
18047,1726,1846,491,4063
18049,2322,1740,519,4581
18051,3233,2037,925,6195
18053,11021,9127,1850,21998
18055,4039,3908,658,8605
18057,13116,9795,2003,24914
18059,4529,4271,828,9628
18061,3917,3694,926,8537
18063,10406,7425,1717,19548
18065,6273,5857,1153,13283
18067,10828,8808,1822,21458
18069,3273,2282,768,6323
18071,4908,4131,993,10032
18073,3307,3015,379,6701
18075,3568,2355,756,6679
18077,3636,3226,533,7395
18079,3514,3046,793,7353
18081,13677,9589,2079,25345
18083,5353,5015,1053,11421
18085,8432,5264,1421,15117
18087,2978,2037,344,5359
18089,74196,55719,9965,139880
18091,15719,11617,1989,29325
18093,5997,4495,1008,11500
18095,19660,16515,3438,39613
18097,174570,117844,19965,312379
18099,5168,3951,1085,10204
18101,999,906,279,2184
18103,5104,3676,602,9382
18105,11826,12716,1929,26471
18107,4480,2886,944,8310
18109,7213,6746,985,14944
18111,1707,1556,229,3492
18113,5207,3240,696,9143
18115,435,369,185,989
18117,3076,2711,579,6366
18119,2850,2738,485,6073
18121,2133,1789,375,4297
18123,2129,1380,296,3805
18125,1275,1312,233,2820
18127,13706,13010,1951,28667
18129,2142,2019,453,4614
18131,1432,1330,235,2997
18133,4123,3102,646,7871
18135,3709,2851,499,7059
18137,3056,2210,617,5883
18139,1620,1624,392,3636
18141,36252,25487,5522,67261
18143,2695,2686,429,5810
18145,4689,3126,1028,8843
18147,1810,1849,373,4032
18149,3172,3367,564,7103
18151,3429,2762,668,6859
18153,2337,2621,491,5449
18155,1774,1190,384,3348
18157,18430,13900,1898,34228
18159,1224,800,316,2340
18161,644,540,141,1325
18163,23155,20020,3719,46894
18165,2154,2114,363,4631
18167,15406,13587,2633,31626
18169,3955,2523,533,7011
18171,825,584,176,1585
18173,3945,3539,993,8477
18175,3929,3716,614,8259
18177,10068,7624,1656,19348
18179,3326,2145,440,5911
18181,2853,1962,618,5433
18183,2883,1855,629,5367
19001,889,652,186,1727
19003,331,360,114,805
19005,1436,1301,342,3079
19007,1729,1871,541,4141
19009,605,628,130,1363
19011,2407,1940,422,4769
19013,15181,14418,2416,32015
19015,2863,2455,501,5819
19017,1651,1329,394,3374
19019,2067,1739,458,4264
19021,3350,1602,326,5278
19023,1357,1120,220,2697
19025,950,877,261,2088
19027,1879,1431,446,3756
19029,1811,1341,265,3417
19031,1305,1120,451,2876
19033,4225,4662,1094,9981
19035,1004,1064,300,2368
19037,935,832,264,2031
19039,1579,1153,355,3087
19041,1874,1292,518,3684
19043,2040,1676,527,4243
19045,5401,5759,1286,12446
19047,2454,1531,354,4339
19049,6443,4178,822,11443
19051,859,695,184,1738
19053,1276,1192,245,2713
19055,1330,918,424,2672
19057,5380,4474,1182,11036
19059,1455,1272,398,3125
19061,8534,7747,1821,18102
19063,974,867,248,2089
19065,2587,2245,506,5338
19067,2021,1935,299,4255
19069,1244,886,330,2460
19071,853,812,184,1849
19073,1035,878,316,2229
19075,936,729,255,1920
19077,1155,774,262,2191
19079,1489,1299,192,2980
19081,875,723,242,1840
19083,1414,1250,470,3134
19085,1437,1230,360,3027
19087,2220,2229,533,4982
19089,1080,730,253,2063
19091,1043,986,182,2211
19093,691,583,205,1479
19095,1389,1167,274,2830
19097,2166,2081,647,4894
19099,4410,3733,718,8861
19101,2045,2572,658,5275
19103,10898,9190,1261,21349
19105,2223,1797,495,4515
19107,1241,1154,273,2668
19109,1631,1299,432,3362
19111,4298,4764,832,9894
19113,22327,20119,3474,45920
19115,1339,1267,214,2820
19117,1241,1164,320,2725
19119,1185,491,247,1923
19121,1269,862,121,2252
19123,2498,2625,569,5692
19125,3292,2575,795,6662
19127,5759,3760,705,10224
19129,1542,1346,269,3157
19131,1286,765,231,2282
19133,993,950,210,2153
19135,720,765,235,1720
19137,1676,1284,157,3117
19139,4879,3913,1060,9852
19141,1688,1437,233,3358
19143,838,521,156,1515
19145,1606,1715,454,3775
19147,870,659,219,1748
19149,2732,1509,521,4762
19151,791,710,223,1724
19153,58618,49195,7143,114956
19155,12347,10011,1577,23935
19157,1673,1509,293,3475
19159,523,472,176,1171
19161,1113,617,210,1940
19163,19043,18284,3268,40595
19165,1091,1076,232,2399
19167,3511,1637,648,5796
19169,5363,5268,908,11539
19171,2125,1605,385,4115
19173,675,486,196,1357
19175,1744,1402,396,3542
19177,953,917,98,1968
19179,4841,4748,748,10337
19181,4005,3352,616,7973
19183,2597,2053,350,5000
19185,1006,703,253,1962
19187,4194,4837,643,9674
19189,1194,805,218,2217
19191,1336,999,371,2706
19193,16911,11386,2286,30583
19195,852,566,160,1578
19197,1763,1142,305,3210
20001,1350,739,219,2308
20003,1049,231,84,1364
20005,1660,626,235,2521
20007,500,205,78,783
20009,3597,953,439,4989
20011,1948,706,279,2933
20013,1415,453,109,1977
20015,5504,1738,631,7873
20017,282,78,33,393
20019,449,162,59,670
20021,2482,1113,423,4018
20023,225,67,44,336
20025,162,24,15,201
20027,531,249,86,866
20029,1000,306,103,1409
20031,675,268,92,1035
20033,109,18,24,151
20035,4563,1703,456,6722
20037,4467,1653,525,6645
20039,158,92,84,334
20041,2229,831,364,3424
20043,537,233,91,861
20045,6957,3643,795,11395
20047,273,68,27,368
20049,327,112,30,469
20051,2220,709,412,3341
20053,564,171,107,842
20055,5665,988,231,6884
20057,4802,764,299,5865
20059,2655,865,250,3770
20061,3122,824,244,4190
20063,172,51,51,274
20065,244,96,79,419
20067,1288,95,62,1445
20069,456,63,50,569
20071,113,18,10,141
20073,457,172,103,732
20075,373,60,16,449
20077,472,260,87,819
20079,3061,808,284,4153
20081,574,44,37,655
20083,172,35,19,226
20085,1297,569,175,2041
20087,1308,449,115,1872
20089,322,73,44,439
20091,28313,9148,3261,40722
20093,463,87,55,605
20095,431,177,116,724
20097,289,92,33,414
20099,2473,1089,336,3898
20101,108,45,16,169
20103,5512,2199,431,8142
20105,342,92,48,482
20107,1036,415,136,1587
20109,324,108,27,459
20111,4176,1076,395,5647
20113,2466,591,272,3329
20115,1072,352,134,1558
20117,727,236,112,1075
20119,564,107,21,692
20121,2226,1064,280,3570
20123,590,193,72,855
20125,4108,1626,467,6201
20127,388,143,83,614
20129,201,74,23,298
20131,641,251,150,1042
20133,1953,488,249,2690
20135,255,36,43,334
20137,457,137,91,685
20139,1516,564,158,2238
20141,230,85,56,371
20143,421,104,78,603
20145,535,175,35,745
20147,497,141,51,689
20149,2155,655,189,2999
20151,922,224,107,1253
20153,152,59,36,247
20155,6948,2218,781,9947
20157,397,159,105,661
20159,1031,282,150,1463
20161,4040,1658,415,6113
20163,514,156,87,757
20165,162,76,39,277
20167,303,206,108,617
20169,5202,1967,766,7935
20171,289,56,9,354
20173,57445,18333,6460,82238
20175,3898,564,228,4690
20177,16454,7542,2778,26774
20179,334,56,45,435
20181,790,293,84,1167
20183,325,100,65,490
20185,511,148,46,705
20187,298,3,14,315
20189,536,112,11,659
20191,2160,797,230,3187
20193,491,265,76,832
20195,160,51,40,251
20197,583,131,79,793
20199,102,20,13,135
20201,411,152,71,634
20203,210,59,11,280
20205,1145,403,158,1706
20207,350,131,96,577
20209,33033,8579,1854,43466
21001,2710,3650,798,7158
21003,3085,3898,439,7422
21005,2326,2994,414,5734
21007,1228,1236,253,2717
21009,7270,8182,1180,16632
21011,2493,2788,551,5832
21013,5761,9330,1321,16412
21015,10757,9842,1611,22210
21017,2491,2726,575,5792
21019,6037,8819,1127,15983
21021,3464,4162,676,8302
21023,818,1306,317,2441
21025,2639,4825,683,8147
21027,2224,2995,748,5967
21029,6871,9270,1571,17712
21031,1601,1912,569,4082
21033,1452,1920,547,3919
21035,3752,6038,728,10518
21037,7511,9227,1908,18646
21039,707,925,206,1838
21041,2025,2087,223,4335
21043,4795,5816,1157,11768
21045,2427,3107,821,6355
21047,9879,10319,1456,21654
21049,4824,5378,801,11003
21051,3831,7092,845,11768
21053,1718,2415,604,4737
21055,1154,1502,253,2909
21057,830,1147,229,2206
21059,14308,13506,2277,30091
21061,1617,2472,395,4484
21063,1285,1499,245,3029
21065,2362,3719,585,6666
21067,32797,35321,4737,72855
21069,2512,3065,741,6318
21071,6596,10506,1544,18646
21073,4708,5492,878,11078
21075,1186,1505,315,3006
21077,1048,1312,110,2470
21079,2199,2527,449,5175
21081,4206,3963,627,8796
21083,5596,5932,724,12252
21085,4711,5529,1127,11367
21087,1396,2565,528,4489
21089,4584,5500,1098,11182
21091,1093,1268,145,2506
21093,12253,14552,2788,29593
21095,5419,8290,1182,14891
21097,1952,2843,653,5448
21099,2919,3805,770,7494
21101,6178,7195,1464,14837
21103,2367,2519,425,5311
21105,709,805,228,1742
21107,4877,5836,1289,12002
21109,2023,3575,666,6264
21111,92079,103252,16048,211379
21113,6750,7707,923,15380
21115,3282,5937,1034,10253
21117,17664,17818,2799,38281
21119,3022,5160,600,8782
21121,7121,9263,1315,17699
21123,1966,2816,624,5406
21125,10597,12765,1695,25057
21127,2409,3865,554,6828
21129,1140,1831,352,3323
21131,1802,3097,416,5315
21133,4281,6929,1023,12233
21135,2322,3415,660,6397
21137,3616,3924,837,8377
21139,1020,1361,191,2572
21141,3432,3915,718,8065
21143,749,778,107,1634
21145,8003,10508,1800,20311
21147,3747,5034,781,9562
21149,1338,1271,301,2910
21151,9740,12851,2009,24600
21153,2622,3718,508,6848
21155,3176,3454,760,7390
21157,2996,3708,857,7561
21159,1460,3613,430,5503
21161,2214,3081,396,5691
21163,2668,3561,782,7011
21165,1082,1624,263,2969
21167,1952,2933,485,5370
21169,1627,2367,421,4415
21171,1730,2041,455,4226
21173,4351,5230,582,10163
21175,1901,3224,746,5871
21177,3516,4900,1029,9445
21179,4563,5877,1321,11761
21181,1395,1653,230,3278
21183,3911,4206,699,8816
21185,3107,3814,838,7759
21187,1609,2019,423,4051
21189,803,1917,260,2980
21191,1843,2490,316,4649
21193,4882,7957,926,13765
21195,9138,14988,2302,26428
21197,2373,2843,350,5566
21199,9960,13379,1972,25311
21201,269,294,99,662
21203,2415,3909,731,7055
21205,3604,5333,875,9812
21207,2888,4075,753,7716
21209,5184,4812,792,10788
21211,4985,4944,782,10711
21213,1967,1699,355,4021
21215,1274,1706,182,3162
21217,4108,4575,820,9503
21219,1864,2099,347,4310
21221,1315,1924,424,3663
21223,1228,1426,289,2943
21225,1976,2530,321,4827
21227,15798,17020,2212,35030
21229,1175,1489,346,3010
21231,2802,4298,1107,8207
21233,1872,2226,241,4339
21235,7327,8557,1120,17004
21237,1527,2584,430,4541
21239,2719,2768,299,5786
22001,11618,10085,2414,24117
22003,4167,3256,817,8240
22005,13300,10487,2384,26171
22007,3605,3868,1108,8581
22009,7479,6817,2152,16448
22011,4927,5097,1110,11134
22013,2720,2548,639,5907
22015,15885,13614,3436,32935
22017,44541,43619,9649,97809
22019,33600,24866,5298,63764
22021,1558,1933,378,3869
22023,943,669,108,1720
22025,1121,1309,592,3022
22027,2689,3358,745,6792
22029,2524,2311,1327,6162
22031,4772,4464,1332,10568
22033,61083,52638,12117,125838
22035,1345,1123,517,2985
22037,2601,2528,525,5654
22039,7326,6570,1683,15579
22041,4156,3838,1072,9066
22043,3579,3619,714,7912
22045,13974,12443,2106,28523
22047,5392,4524,1230,11146
22049,2978,2575,487,6040
22051,63173,60250,16339,139762
22053,5834,5255,1132,12221
22055,27983,27757,5487,61227
22057,13256,13051,3376,29683
22059,1898,2506,421,4825
22061,6568,5676,1308,13552
22063,17813,15458,3146,36417
22065,2152,2065,672,4889
22067,4349,4623,1134,10106
22069,7618,7774,1137,16529
22071,59070,79418,17886,156374
22073,28963,23885,5411,58259
22075,2447,2956,597,6000
22077,3639,3223,1317,8179
22079,23425,22127,4773,50325
22081,1578,1330,568,3476
22083,3965,4045,976,8986
22085,3887,3824,1168,8879
22087,7611,10154,1422,19187
22089,7021,5492,925,13438
22091,1798,2141,694,4633
22093,2812,2849,495,6156
22095,7974,7390,1302,16666
22097,13299,11121,3166,27586
22099,9368,8699,2342,20409
22101,10499,11144,2837,24480
22103,30634,25653,6655,62942
22105,24574,22672,4307,51553
22107,970,895,547,2412
22109,17316,18717,3473,39506
22111,3476,2671,772,6919
22113,9828,9847,1503,21178
22115,6289,6693,1296,14278
22117,10002,9901,2846,22749
22119,6836,8732,1680,17248
22121,3738,3062,1029,7829
22123,1386,1834,525,3745
22125,1477,1651,298,3426
22127,2361,1617,580,4558
23001,10801,8207,2825,21833
23003,7452,6738,3037,17227
23005,15583,13092,4853,33528
23007,2704,2101,687,5492
23009,3474,3290,1316,8080
23011,10585,9362,2974,22921
23013,3027,2221,932,6180
23015,2753,2146,954,5853
23017,6001,5505,1980,13486
23019,13209,13203,3763,30175
23021,1642,1738,716,4096
23023,2585,2043,643,5271
23025,6334,5068,2107,13509
23027,3708,2871,1049,7628
23029,4212,3287,1149,8648
23031,12272,10213,3975,26460
24001,9041,11501,2211,22753
24003,41466,42640,8456,92562
24005,78430,83307,18968,180705
24009,6717,7266,1230,15213
24011,6062,5666,971,12699
24013,10214,11531,2505,24250
24015,11802,12400,1549,25751
24017,13791,12699,2469,28959
24019,5838,5905,919,12662
24021,19259,16955,3704,39918
24023,2931,4781,1028,8740
24025,17837,21974,5216,45027
24027,19650,18555,4867,43072
24029,2200,2534,555,5289
24031,94112,68801,21838,184751
24033,121937,89145,16535,227617
24035,3721,3727,876,8324
24037,8409,9566,1806,19781
24039,3226,4176,484,7886
24041,3571,3581,1004,8156
24043,20242,19287,3436,42965
24045,17547,16658,2215,36420
24047,5688,6197,1300,13185
24510,105092,126881,20340,252313
25001,18173,22868,4502,45543
25003,12787,17277,3528,33592
25005,69958,75221,13683,158862
25007,1378,1791,322,3491
25009,91827,97381,19450,208658
25011,6986,9990,1790,18766
25013,78211,79731,13081,171023
25015,10636,16203,2416,29255
25017,109225,130411,27969,267605
25019,776,994,135,1905
25021,39269,49500,12742,101511
25023,48385,50962,10207,109554
25025,104975,122228,25357,252560
25027,83628,95944,17570,197142
26001,844,1631,466,2941
26003,593,1096,306,1995
26005,10140,9436,1797,21373
26007,2639,4361,810,7810
26009,2352,2689,495,5536
26011,1692,2643,418,4753
26013,889,1195,210,2294
26015,4811,4787,1043,10641
26017,10387,15476,2490,28353
26019,1656,1889,409,3954
26021,16451,19650,3568,39669
26023,4698,4739,971,10408
26025,14621,19229,3376,37226
26027,4928,5382,1121,11431
26029,2267,2741,449,5457
26031,2601,3580,670,6851
26033,3835,4851,912,9598
26035,3988,5660,1151,10799
26037,4573,6369,954,11896
26039,1334,2283,470,4087
26041,3769,4962,1384,10115
26043,1818,2572,712,5102
26045,9105,10025,2257,21387
26047,2501,3250,575,6326
26049,53017,74920,9304,137241
26051,2677,4090,883,7650
26053,1271,1943,477,3691
26055,7018,8735,1658,17411
26057,3451,4524,990,8965
26059,4428,5766,913,11107
26061,3448,4791,874,9113
26063,2902,3370,962,7234
26065,26410,34066,4927,65403
26067,6246,7316,946,14508
26069,2717,4335,848,7900
26071,957,1392,361,2710
26073,5198,8681,1015,14894
26075,16525,20462,2670,39657
26077,23345,28636,3965,55946
26079,2016,2840,497,5353
26081,63965,64283,11131,139379
26083,200,175,77,452
26085,1226,2546,477,4249
26087,7575,9254,1859,18688
26089,1412,1786,435,3633
26091,9806,10293,1677,21776
26093,9168,11490,1976,22634
26095,692,964,162,1818
26097,843,1127,339,2309
26099,71031,94343,19417,184791
26101,2021,2989,731,5741
26103,4586,7766,1404,13756
26105,3105,3828,827,7760
26107,4395,6123,1002,11520
26109,1879,2571,631,5081
26111,6367,9492,1331,17190
26113,1955,2040,345,4340
26115,10260,13744,2660,26664
26117,7599,8733,1308,17640
26119,906,1451,325,2682
26121,21315,26263,4247,51825
26123,5831,7883,1539,15253
26125,64805,91791,23468,180064
26127,4171,3878,506,8555
26129,2343,3713,764,6820
26131,318,608,227,1153
26133,2473,3419,632,6524
26135,937,1064,355,2356
26137,2349,3427,441,6217
26139,19725,16919,3949,40593
26141,894,1454,494,2842
26143,2487,3923,974,7384
26145,22009,30915,4406,57330
26147,15375,19968,3964,39307
26149,7701,7432,1065,16198
26151,4201,5327,1191,10719
26153,809,1506,259,2574
26155,5991,7989,1480,15460
26157,5627,7714,1212,14553
26159,9447,10339,1547,21333
26161,18251,27061,5734,51046
26163,255441,333180,52472,641093
26165,3943,5021,810,9774
27001,1829,1891,662,4382
27003,29652,26066,3457,59175
27005,4588,3345,507,8440
27007,7839,5859,636,14334
27009,5188,4442,491,10121
27011,436,401,126,963
27013,5440,5741,735,11916
27015,2020,1536,467,4023
27017,3495,3701,513,7709
27019,4521,4041,801,9363
27021,4592,3849,548,8989
27023,1644,988,140,2772
27025,4446,4214,628,9288
27027,6220,4605,686,11511
27029,1456,1083,200,2739
27031,377,505,64,946
27033,1568,1032,188,2788
27035,6966,6667,864,14497
27037,30314,24425,3740,58479
27039,1937,1237,180,3354
27041,3157,2631,616,6404
27043,1609,1259,242,3110
27045,1778,1494,308,3580
27047,4216,3193,598,8007
27049,3551,3222,656,7429
27051,864,627,107,1598
27053,117953,104843,16260,239056
27055,1511,1355,276,3142
27057,2755,2433,366,5554
27059,3814,3410,323,7547
27061,5472,4924,823,11219
27063,851,695,166,1712
27065,2048,1943,272,4263
27067,6091,4197,597,10885
27069,404,343,105,852
27071,1750,1776,186,3712
27073,675,604,139,1418
27075,859,871,173,1903
27077,345,315,54,714
27079,2773,2070,327,5170
27081,512,410,106,1028
27083,3121,2463,285,5869
27085,3741,2885,444,7070
27087,1413,831,91,2335
27089,834,681,193,1708
27091,2063,1838,338,4239
27093,2315,1909,498,4722
27095,3796,3092,476,7364
27097,4303,3699,455,8457
27099,4705,3836,638,9179
27101,873,658,159,1690
27103,2386,2707,443,5536
27105,3531,2319,209,6059
27107,821,620,117,1558
27109,12766,10662,1729,25157
27111,5650,5051,805,11506
27113,1611,1088,297,2996
27115,3027,3160,619,6806
27117,1320,780,133,2233
27119,3397,2671,505,6573
27121,1026,816,347,2189
27123,76385,65464,7518,149367
27125,437,297,61,795
27127,1556,1375,250,3181
27129,1645,1109,153,2907
27131,5655,4938,977,11570
27133,705,594,86,1385
27135,1475,1170,241,2886
27137,18921,20702,2846,42469
27139,10267,7885,1085,19237
27141,6691,5169,839,12699
27143,1714,1252,165,3131
27145,16541,14407,1652,32600
27147,4529,3042,437,8008
27149,625,753,121,1499
27151,1310,809,249,2368
27153,3098,2311,480,5889
27155,314,348,64,726
27157,1631,1561,370,3562
27159,2307,1835,339,4481
27161,2085,1780,226,4091
27163,14847,12919,1535,29301
27165,1476,964,153,2593
27167,521,572,89,1182
27169,3209,3564,764,7537
27171,9880,7983,1017,18880
27173,957,912,141,2010
28001,5058,2197,682,7937
28003,4618,1684,759,7061
28005,1704,659,456,2819
28007,3292,1253,376,4921
28009,1033,538,227,1798
28011,7126,2685,762,10573
28013,2597,1046,479,4122
28015,1541,531,163,2235
28017,3070,1074,449,4593
28019,1285,639,293,2217
28021,1955,739,311,3005
28023,2023,769,339,3131
28025,2933,1160,370,4463
28027,5937,2104,715,8756
28029,4875,1722,699,7296
28031,2996,989,378,4363
28033,15196,4576,1685,21457
28035,10956,4191,1351,16498
28037,1124,594,160,1878
28039,2659,1120,477,4256
28041,1584,437,181,2202
28043,3604,1206,461,5271
28045,4992,2024,706,7722
28047,27330,8917,2199,38446
28049,42086,12926,3786,58798
28051,4549,1733,521,6803
28053,2184,956,292,3432
28055,213,145,38,396
28057,2961,1060,466,4487
28059,15279,5239,1272,21790
28061,2719,1068,442,4229
28063,1422,542,216,2180
28065,1871,804,303,2978
28067,12132,4147,1166,17445
28069,1705,550,329,2584
28071,4009,1803,449,6261
28073,6872,2035,750,9657
28075,10564,3396,1406,15366
28077,1911,558,226,2695
28079,4138,1083,604,5825
28081,10442,3434,1080,14956
28083,6870,2871,693,10434
28085,4504,1708,696,6908
28087,7464,2415,817,10696
28089,9391,2737,1095,13223
28091,4265,1976,974,7215
28093,5627,2027,762,8416
28095,4536,1437,761,6734
28097,1535,843,323,2701
28099,5819,1671,576,8066
28101,3354,1023,397,4774
28103,2466,900,372,3738
28105,4579,1668,651,6898
28107,6151,2498,863,9512
28109,5762,2217,1008,8987
28111,1995,799,285,3079
28113,7359,2565,1030,10954
28115,4497,1403,847,6747
28117,4346,1593,476,6415
28119,1697,672,267,2636
28121,12121,3798,1762,17681
28123,5400,1631,649,7680
28125,867,341,139,1347
28127,4935,1858,648,7441
28129,2057,784,358,3199
28131,2704,959,358,4021
28133,4989,1588,595,7172
28135,2454,803,394,3651
28137,4143,1263,457,5863
28139,3235,1272,498,5005
28141,2570,1120,412,4102
28143,2580,593,134,3307
28145,3993,1494,573,6060
28147,2084,887,489,3460
28149,6473,2360,954,9787
28151,9934,3476,1089,14499
28153,3356,1354,478,5188
28155,1528,476,187,2191
28157,1770,530,327,2627
28159,2713,1050,650,4413
28161,1867,592,234,2693
28163,5151,2038,565,7754
29001,1806,1011,299,3116
29003,1271,299,192,1762
29005,309,178,87,574
29007,2875,1285,340,4500
29009,5016,2188,543,7747
29011,1767,570,234,2571
29013,1608,776,201,2585
29015,1843,1302,484,3629
29017,1458,836,216,2510
29019,11465,4996,1229,17690
29021,9273,5031,1271,15575
29023,6741,3655,1107,11503
29025,980,326,145,1451
29027,3465,1625,448,5538
29029,4266,1938,781,6985
29031,6903,2703,805,10411
29033,903,635,88,1626
29035,690,354,132,1176
29037,8451,3387,703,12541
29039,2211,901,293,3405
29041,660,272,146,1078
29043,8695,3389,881,12965
29045,713,253,175,1141
29047,15948,7435,1505,24888
29049,2297,733,144,3174
29051,5105,2272,495,7872
29053,1384,715,195,2294
29055,3028,1761,529,5318
29057,1064,442,137,1643
29059,2068,1197,401,3666
29061,984,391,132,1507
29063,847,416,164,1427
29065,2077,1147,314,3538
29067,2250,941,368,3559
29069,6121,2632,960,9713
29071,8043,3765,1089,12897
29073,961,525,181,1667
29075,785,419,106,1310
29077,26030,13706,3305,43041
29079,1093,550,262,1905
29081,1041,464,161,1666
29083,2834,1687,514,5035
29085,745,548,186,1479
29087,418,231,77,726
29089,1058,572,135,1765
29091,5842,2673,909,9424
29093,1391,838,262,2491
29095,70989,30517,7745,109251
29097,14879,6031,1581,22491
29099,18534,8432,1714,28680
29101,3837,1841,404,6082
29103,365,236,49,650
29105,4253,2109,730,7092
29107,3132,1342,312,4786
29109,5363,2069,676,8108
29111,649,414,196,1259
29113,5155,2327,469,7951
29115,989,445,178,1612
29117,1557,530,229,2316
29119,4077,1163,384,5624
29121,1746,672,221,2639
29123,1598,773,352,2723
29125,907,580,151,1638
29127,3674,1549,530,5753
29129,278,89,82,449
29131,2972,1415,214,4601
29133,2262,1185,416,3863
29135,1397,282,124,1803
29137,985,456,139,1580
29139,1336,646,142,2124
29141,2074,1102,312,3488
29143,2883,1477,538,4898
29145,6232,2300,699,9231
29147,1782,1045,278,3105
29149,2089,890,256,3235
29151,834,345,128,1307
29153,1445,602,215,2262
29155,3729,1735,653,6117
29157,1716,947,336,2999
29159,5773,2315,605,8693
29161,4351,2342,586,7279
29163,1885,753,235,2873
29165,4943,2422,504,7869
29167,3674,1911,490,6075
29169,3763,2188,315,6266
29171,657,252,86,995
29173,959,344,122,1425
29175,2623,1389,451,4463
29177,1771,735,291,2797
29179,876,393,163,1432
29181,2413,1527,522,4462
29183,14402,6459,2036,22897
29185,769,469,161,1399
29186,1638,777,128,2543
29187,6858,4260,723,11841
29189,65632,31254,9200,106086
29195,2652,1274,361,4287
29197,610,180,73,863
29199,479,219,85,783
29201,5870,2921,720,9511
29203,1343,638,171,2152
29205,561,246,134,941
29207,4114,2457,898,7469
29209,2570,1495,591,4656
29211,562,396,119,1077
29213,7003,2898,857,10758
29215,2808,2001,416,5225
29217,2159,983,230,3372
29219,3664,1555,341,5560
29221,3585,2056,498,6139
29223,2084,1137,442,3663
29225,4766,2165,505,7436
29227,203,72,46,321
29229,2985,1592,402,4979
29510,43289,24873,6218,74380
30001,845,765,298,1908
30003,2516,1625,219,4360
30005,1684,1285,169,3138
30007,394,549,138,1081
30009,826,869,182,1877
30011,81,23,35,139
30013,8395,9791,2178,20364
30015,656,820,149,1625
30017,1259,1044,459,2762
30019,136,87,43,266
30021,908,692,159,1759
30023,994,1595,439,3028
30025,131,71,74,276
30027,1412,810,374,2596
30029,11039,10512,2281,23832
30031,6801,6707,1156,14664
30033,95,77,29,201
30035,2559,1928,323,4810
30037,106,85,16,207
30039,146,282,56,484
30041,3446,2750,410,6606
30043,870,894,127,1891
30045,204,167,87,458
30047,5730,4200,852,10782
30049,6215,6461,1787,14463
30051,344,491,64,899
30053,2384,2934,520,5838
30055,125,46,32,203
30057,657,598,207,1462
30059,225,329,62,616
30061,613,763,209,1585
30063,10768,12238,2956,25962
30065,709,799,120,1628
30067,1291,1308,440,3039
30069,48,38,17,103
30071,542,310,100,952
30073,1015,701,207,1923
30075,129,101,43,273
30077,539,529,161,1229
30079,139,91,38,268
30081,5208,5802,1834,12844
30083,639,627,226,1492
30085,2239,1590,252,4081
30087,953,749,378,2080
30089,1382,1405,323,3110
30091,250,167,77,494
30093,3931,4562,810,9303
30095,731,476,298,1505
30097,273,252,49,574
30099,869,731,135,1735
30101,506,440,184,1130
30103,92,54,32,178
30105,875,685,440,2000
30107,342,353,32,727
30109,139,17,30,186
30111,15227,14431,3498,33156
31001,2890,1313,576,4779
31003,484,199,120,803
31005,35,16,7,58
31007,35,9,3,47
31009,41,27,3,71
31011,152,90,51,293
31013,1303,406,202,1911
31015,183,69,44,296
31017,164,100,61,325
31019,3702,1314,469,5485
31021,564,289,124,977
31023,519,206,120,845
31025,1491,504,251,2246
31027,526,218,75,819
31029,154,36,56,246
31031,619,186,108,913
31033,862,376,159,1397
31035,652,229,64,945
31037,1087,178,110,1375
31039,636,216,100,952
31041,1149,446,184,1779
31043,2900,520,222,3642
31045,482,231,150,863
31047,2609,750,374,3733
31049,125,68,31,224
31051,463,136,73,672
31053,4298,1277,506,6081
31055,55219,19417,5818,80454
31057,338,47,42,427
31059,264,164,89,517
31061,237,129,78,444
31063,207,68,28,303
31065,425,127,96,648
31067,1844,1099,439,3382
31069,97,44,35,176
31071,170,62,37,269
31073,18,25,31,74
31075,48,17,10,75
31077,158,67,37,262
31079,7813,2482,659,10954
31081,443,156,128,727
31083,166,95,40,301
31085,72,11,16,99
31087,375,106,63,544
31089,742,279,156,1177
31091,35,16,19,70
31093,375,169,67,611
31095,672,422,136,1230
31097,449,113,91,653
31099,592,219,141,952
31101,694,288,155,1137
31103,46,1,3,50
31105,406,175,43,624
31107,774,239,187,1200
31109,24286,10318,3110,37714
31111,2981,1294,560,4835
31113,85,10,15,110
31115,25,20,25,70
31117,37,11,3,51
31119,3632,1244,384,5260
31121,561,373,139,1073
31123,483,132,81,696
31125,244,195,40,479
31127,525,218,108,851
31129,443,169,113,725
31131,1479,581,243,2303
31133,254,54,80,388
31135,118,67,51,236
31137,550,297,155,1002
31139,499,137,95,731
31141,2106,513,546,3165
31143,392,96,62,550
31145,1008,356,152,1516
31147,501,196,250,947
31149,49,36,23,108
31151,1174,504,251,1929
31153,10366,4058,1165,15589
31155,1344,500,312,2156
31157,4111,1376,620,6107
31159,876,453,197,1526
31161,615,187,129,931
31163,197,90,82,369
31165,105,50,12,167
31167,420,148,58,626
31169,445,182,108,735
31171,27,20,8,55
31173,1570,357,96,2023
31175,365,162,108,635
31177,1133,517,268,1918
31179,425,293,119,837
31181,279,131,60,470
31183,101,21,25,147
31185,1180,468,249,1897
32001,2321,2528,513,5362
32003,237759,223220,46707,507686
32005,2906,3703,924,7533
32007,4002,3167,695,7864
32009,171,95,8,274
32011,0,80,23,103
32013,1152,903,211,2266
32015,505,395,71,971
32017,197,582,99,878
32019,5424,7349,1263,14036
32021,524,857,42,1423
32023,4254,7017,1864,13135
32027,476,447,71,994
32029,297,466,203,966
32031,40622,41163,8472,90257
32033,648,678,168,1494
32510,6681,6207,1716,14604
33001,5350,4481,843,10674
33003,4489,3854,647,8990
33005,5648,5055,1198,11901
33007,3296,3718,799,7813
33009,6532,6690,1592,14814
33011,29588,24766,4810,59164
33013,10047,9034,2110,21191
33015,14425,12272,3245,29942
33017,8964,7991,1448,18403
33019,3459,3996,636,8091
34001,31884,30324,6862,69070
34003,45669,48197,17201,111067
34005,27733,30396,6191,64320
34007,59145,56896,11165,127206
34009,7566,7969,2006,17541
34011,26432,20774,3893,51099
34013,105996,93905,19699,219600
34015,19861,24989,4977,49827
34017,91346,76802,21137,189285
34019,3581,4621,1644,9846
34021,35617,31196,7573,74386
34023,60120,51462,17286,128868
34025,38323,34846,10726,83895
34027,18428,18055,7213,43696
34029,77041,48981,10624,136646
34031,79273,63460,13337,156070
34033,7150,6462,1642,15254
34035,12876,12513,5232,30621
34037,7240,8767,2068,18075
34039,60890,46011,13274,120175
34041,6364,7431,1947,15742
35001,92695,108163,16806,217664
35003,415,619,325,1359
35005,13247,13069,2220,28536
35006,6077,7342,1176,14595
35007,1864,2232,563,4659
35009,8552,7750,1053,17355
35011,265,250,79,594
35013,44692,44462,7507,96661
35015,8730,7234,1576,17540
35017,3786,5954,931,10671
35019,397,641,157,1195
35021,27,53,17,97
35023,784,1121,227,2132
35025,12428,8599,1601,22628
35027,2356,3364,726,6446
35028,252,743,191,1186
35029,6171,6507,1672,14350
35031,19209,21708,4374,45291
35033,836,1323,288,2447
35035,10783,12104,2281,25168
35037,1609,2143,601,4353
35039,6822,7411,989,15222
35041,3566,3135,397,7098
35043,17297,17977,3684,38958
35045,23773,23572,3830,51175
35047,4410,6949,960,12319
35049,17664,17410,3368,38442
35051,1569,2493,578,4640
35053,2877,3700,920,7497
35055,5294,7621,2144,15059
35057,2569,3937,394,6900
35059,494,564,101,1159
35061,13832,15105,1837,30774
36001,27334,34044,6011,67389
36003,5485,7027,1269,13781
36005,350311,421999,81272,853582
36007,25306,30960,4840,61106
36009,9484,12750,2437,24671
36011,7620,10306,1657,19583
36013,16777,22027,3703,42507
36015,11237,13635,2455,27327
36017,6098,7937,1579,15614
36019,8615,11171,2289,22075
36021,6260,6702,1791,14753
36023,4312,5845,1274,11431
36025,5246,7191,1182,13619
36027,22656,30734,6283,59673
36029,104915,132007,22895,259817
36031,3239,4944,1321,9504
36033,5727,7082,1453,14262
36035,7033,9219,1286,17538
36037,6406,6925,1216,14547
36039,3917,6564,1431,11912
36041,356,577,332,1265
36043,8327,10529,1808,20664
36045,13853,16048,2075,31976
36047,474583,557908,143318,1175809
36049,3135,3374,619,7128
36051,5289,7241,1184,13714
36053,7131,8766,1528,17425
36055,86121,105103,16426,207650
36057,8857,9671,1417,19945
36059,75760,103010,29228,207998
36061,130030,242353,86159,458542
36063,22349,31157,8799,62305
36065,32666,37777,5842,76285
36067,52799,60451,10449,123699
36069,10692,11711,2413,24816
36071,49558,44389,7762,101709
36073,5372,6635,1029,13036
36075,18233,20143,3089,41465
36077,5539,8004,1417,14960
36079,5088,7591,1728,14407
36081,310250,418519,102227,830996
36083,16371,18715,2739,37825
36085,44329,57975,11745,114049
36087,61514,43558,8102,113174
36089,13235,16514,3248,32997
36091,14824,17578,3574,35976
36093,17535,22829,4119,44483
36095,3391,4389,892,8672
36097,2094,2852,707,5653
36099,3459,3974,936,8369
36101,11857,15233,2590,29680
36103,109183,135782,28066,273031
36105,10856,12221,1990,25067
36107,5371,6366,1234,12971
36109,7621,11786,1463,20870
36111,17284,24600,4345,46229
36113,5797,8764,1663,16224
36115,7399,9008,1649,18056
36117,10257,11064,2155,23476
36119,81525,93782,23106,198413
36121,4061,4945,887,9893
36123,1992,2797,570,5359
37001,23236,7252,2267,32755
37003,4669,1905,728,7302
37005,1625,844,261,2730
37007,3589,1760,607,5956
37009,2876,1488,572,4936
37011,1720,666,334,2720
37013,6833,3477,1265,11575
37015,2876,1563,587,5026
37017,5945,2705,1028,9678
37019,13202,6250,2120,21572
37021,22569,10522,3655,36746
37023,11985,5788,1463,19236
37025,20423,7254,1864,29541
37027,11455,5213,1334,18002
37029,981,310,135,1426
37031,6293,2948,1181,10422
37033,2546,1501,514,4561
37035,19930,7069,1828,28827
37037,7009,2069,1127,10205
37039,3668,1673,672,6013
37041,2316,793,245,3354
37043,1602,487,267,2356
37045,13235,6558,2053,21846
37047,9125,4240,1566,14931
37049,10016,4966,1654,16636
37051,42787,19662,4394,66843
37053,2355,680,298,3333
37055,3466,1140,276,4882
37057,20153,7684,2842,30679
37059,4682,1692,594,6968
37061,11567,4212,1521,17300
37063,37089,11322,2954,51365
37065,10325,5142,1474,16941
37067,48856,15740,5462,70058
37069,8509,3503,1057,13069
37071,27610,12607,3073,43290
37073,1162,440,151,1753
37075,1178,621,261,2060
37077,6017,3417,1135,10569
37079,3386,1391,407,5184
37081,64244,24639,6620,95503
37083,7605,4433,1582,13620
37085,18468,6923,1586,26977
37087,6421,3660,918,10999
37089,11791,4212,1316,17319
37091,3907,1787,915,6609
37093,7386,2917,746,11049
37095,614,271,155,1040
37097,17467,6668,2136,26271
37099,4391,1989,756,7136
37101,25557,8809,1957,36323
37103,1415,697,256,2368
37105,10634,2917,908,14459
37107,9845,4213,1859,15917
37109,9679,4223,1120,15022
37111,5923,3160,1006,10089
37113,3951,1604,723,6278
37115,2472,1396,495,4363
37117,3632,1414,565,5611
37119,114275,37965,11193,163433
37121,1690,661,345,2696
37123,4347,1490,559,6396
37125,8025,4035,1640,13700
37127,12848,5419,2002,20269
37129,19322,9788,2586,31696
37131,2228,1140,591,3959
37133,16866,8108,1718,26692
37135,9388,3562,1224,14174
37137,1345,620,255,2220
37139,5228,2198,911,8337
37141,7344,3009,795,11148
37143,1598,847,268,2713
37145,5401,2094,811,8306
37147,20909,8501,2272,31682
37149,2130,933,433,3496
37151,20026,6631,2154,28811
37153,7774,3416,821,12011
37155,29300,11868,3211,44379
37157,12220,5898,1496,19614
37159,21118,8034,2076,31228
37161,9555,4996,1365,15916
37163,12316,4259,1033,17608
37165,6367,2952,754,10073
37167,7754,3000,947,11701
37169,4539,1920,904,7363
37171,10115,4011,1281,15407
37173,2095,871,412,3378
37175,3428,1383,409,5220
37177,455,180,177,812
37179,21004,5857,1780,28641
37181,9137,4429,1003,14569
37183,85817,26637,8793,121247
37185,2509,1135,591,4235
37187,1981,1313,309,3603
37189,3569,1890,396,5855
37191,20524,8020,2081,30625
37193,8765,3762,1311,13838
37195,13350,5495,1567,20412
37197,5234,2038,803,8075
37199,2043,876,383,3302
38001,32,40,52,124
38003,367,692,206,1265
38005,2020,1004,157,3181
38007,37,23,6,66
38009,446,351,148,945
38011,81,132,57,270
38013,79,46,27,152
38015,4920,3858,1250,10028
38017,10087,10284,1803,22174
38019,140,79,57,276
38021,133,155,80,368
38023,94,88,30,212
38025,275,214,37,526
38027,255,259,40,554
38029,116,137,87,340
38031,121,122,49,292
38033,72,121,71,264
38035,4587,4317,697,9601
38037,98,86,68,252
38039,144,93,43,280
38041,173,149,47,369
38043,127,133,43,303
38045,183,148,82,413
38047,55,54,54,163
38049,445,275,95,815
38051,178,148,57,383
38053,672,553,110,1335
38055,428,390,182,1000
38057,452,286,169,907
38059,1543,1412,546,3501
38061,476,482,70,1028
38063,178,127,48,353
38065,111,29,41,181
38067,317,364,229,910
38069,215,225,159,599
38071,788,621,228,1637
38073,203,291,197,691
38075,136,122,64,322
38077,902,929,262,2093
38079,3175,1721,355,5251
38081,138,122,103,363
38083,121,176,84,381
38085,875,604,43,1522
38087,4,17,18,39
38089,1247,1233,382,2862
38091,87,47,41,175
38093,1324,1203,533,3060
38095,152,81,35,268
38097,488,450,182,1120
38099,832,957,377,2166
38101,3992,2896,681,7569
38103,12,110,133,255
38105,1310,1113,236,2659
39001,4557,5807,1043,11407
39003,11055,12056,1757,24868
39005,4936,5339,816,11091
39007,12513,15070,2305,29888
39009,5375,10266,1369,17010
39011,3566,2868,566,7000
39013,5707,7955,1493,15155
39015,5137,5469,865,11471
39017,35128,35587,4370,75085
39019,2363,2628,502,5493
39021,4455,3633,743,8831
39023,18566,19595,2522,40683
39025,16222,19439,2938,38599
39027,4663,5100,694,10457
39029,11542,13808,1874,27224
39031,4163,5313,904,10380
39033,4434,4906,969,10309
39035,147737,187834,31060,366631
39037,5106,5048,899,11053
39039,3499,3180,755,7434
39041,6460,7431,1462,15353
39043,6600,8679,1253,16532
39045,14030,16125,2018,32173
39047,4001,4267,513,8781
39049,148070,140321,18028,306419
39051,4223,3919,460,8602
39053,3921,5406,606,9933
39055,3888,4234,958,9080
39057,13317,15131,1923,30371
39059,4973,5612,960,11545
39061,86239,88351,12833,187423
39063,5908,6495,1084,13487
39065,3528,3824,473,7825
39067,1598,1780,463,3841
39069,2919,2465,480,5864
39071,6047,7391,1105,14543
39073,3387,4637,531,8555
39075,2468,1932,468,4868
39077,6721,6684,1148,14553
39079,4876,4901,802,10579
39081,7197,10220,1846,19263
39083,5573,6778,1291,13642
39085,15825,17015,3055,35895
39087,8246,10776,1806,20828
39089,16208,17427,2146,35781
39091,4640,4867,762,10269
39093,29911,34240,5069,69220
39095,58114,64781,9316,132211
39097,4328,4059,553,8940
39099,28272,35265,5506,69043
39101,8661,9420,1677,19758
39103,9145,10445,1794,21384
39105,2992,4829,627,8448
39107,3063,2740,613,6416
39109,9045,9275,1710,20030
39111,1703,2009,443,4155
39113,64153,70066,9757,143976
39115,2260,2494,505,5259
39117,3817,3763,649,8229
39119,11171,13417,1946,26534
39121,1188,1202,434,2824
39123,2994,3553,735,7282
39125,1897,2058,356,4311
39127,4724,6165,997,11886
39129,4714,5194,869,10777
39131,4878,5934,832,11644
39133,12758,15795,2531,31084
39135,3884,4216,554,8654
39137,1997,1847,449,4293
39139,12913,15045,2502,30460
39141,9364,11382,1726,22472
39143,5645,6555,892,13092
39145,10799,15542,2482,28823
39147,6408,6090,824,13322
39149,4599,3731,597,8927
39151,40440,42674,7097,90211
39153,50739,63404,10816,124959
39155,23430,28394,3833,55657
39157,9302,9732,2155,21189
39159,3379,3297,608,7284
39161,2971,2924,485,6380
39163,2196,2880,464,5540
39165,9656,9841,2051,21548
39167,5738,7459,1249,14446
39169,9743,10185,1805,21733
39171,4154,4060,454,8668
39173,7363,9230,1496,18089
39175,1751,1717,422,3890
40001,5074,1658,515,7247
40003,542,152,71,765
40005,2038,820,296,3154
40007,690,145,60,895
40009,2439,975,386,3800
40011,1244,299,151,1694
40013,7358,3224,832,11414
40015,4823,1708,560,7091
40017,13493,4237,1090,18820
40019,7298,2360,943,10601
40021,7533,2537,887,10957
40023,2918,1213,645,4776
40025,386,46,68,500
40027,24127,8092,2497,34716
40029,931,359,144,1434
40031,8771,4614,1688,15073
40033,464,238,115,817
40035,1823,852,282,2957
40037,10784,3929,833,15546
40039,3385,1004,293,4682
40041,6188,2445,974,9607
40043,292,171,94,557
40045,545,178,65,788
40047,8792,2879,636,12307
40049,3594,1352,538,5484
40051,6772,3125,1190,11087
40053,572,135,32,739
40055,857,460,103,1420
40057,490,152,47,689
40059,530,85,43,658
40061,2422,961,313,3696
40063,1945,816,354,3115
40065,3645,1381,533,5559
40067,1310,414,139,1863
40069,1990,818,245,3053
40071,7656,2504,868,11028
40073,1812,520,368,2700
40075,1634,545,252,2431
40077,1461,567,316,2344
40079,8819,3596,1195,13610
40081,4741,1816,597,7154
40083,4975,2114,1554,8643
40085,1344,445,173,1962
40087,3544,1178,295,5017
40089,6301,2284,1044,9629
40091,3145,1485,396,5026
40093,834,187,110,1131
40095,2894,1042,368,4304
40097,6474,2755,730,9959
40099,1657,695,251,2603
40101,11257,4446,1189,16892
40103,1262,647,422,2331
40105,1365,446,149,1960
40107,1992,967,168,3127
40109,123902,33215,9633,166750
40111,6840,2624,787,10251
40113,6410,2031,697,9138
40115,5846,2200,671,8717
40117,2528,866,226,3620
40119,7020,3285,1015,11320
40121,6326,2285,586,9197
40123,4617,2005,620,7242
40125,10379,3689,1093,15161
40127,1907,779,316,3002
40129,471,123,61,655
40131,9353,3038,895,13286
40133,4334,1788,600,6722
40135,7635,3695,1156,12486
40137,6736,2433,582,9751
40139,2349,329,303,2981
40141,1040,358,265,1663
40143,88270,25997,7287,121554
40145,10144,3535,785,14464
40147,6266,2091,671,9028
40149,1556,471,178,2205
40151,808,296,92,1196
40153,2602,964,239,3805
41001,1826,2081,520,4427
41003,6001,9848,1320,17169
41005,26999,32606,7968,67573
41007,3577,5486,1242,10305
41009,4731,6716,1170,12617
41011,7743,11359,3039,22141
41013,2525,3870,814,7209
41015,1591,3595,965,6151
41017,18097,21096,3619,42812
41019,12814,18533,3248,34595
41021,126,250,57,433
41023,844,1043,152,2039
41025,715,1226,193,2134
41027,3448,3351,383,7182
41029,26750,32975,5900,65625
41031,3833,4133,512,8478
41033,11180,15967,2731,29878
41035,9165,11956,1949,23070
41037,896,1193,272,2361
41039,39447,55653,8442,103542
41041,5953,7654,1548,15155
41043,15458,20108,2947,38513
41045,5405,4543,825,10773
41047,51106,46456,6315,103877
41049,1488,1320,124,2932
41051,73968,108934,18051,200953
41053,8648,9498,1642,19788
41055,112,147,39,298
41057,2685,3679,965,7329
41059,11675,10261,1847,23783
41061,3065,3752,557,7374
41063,806,859,220,1885
41065,3408,3850,759,8017
41067,46928,47901,8631,103460
41069,150,235,78,463
41071,12083,12451,1968,26502
42001,8589,6699,2283,17571
42003,109700,110911,33096,253707
42005,7189,8193,2154,17536
42007,18702,19115,4706,42523
42009,5311,4912,1581,11804
42011,54914,42593,8915,106422
42013,15330,16152,3182,34664
42015,7231,6679,1639,15549
42017,37883,31793,10886,80562
42019,13198,12350,3460,29008
42021,16060,17024,4825,37909
42023,552,648,137,1337
42025,8329,6823,1280,16432
42027,8183,9114,2258,19555
42029,32585,22641,6513,61739
42031,4002,4623,996,9621
42033,11017,11213,2274,24504
42035,4407,5160,1300,10867
42037,6019,6054,1713,13786
42039,10266,10469,2354,23089
42041,16877,13787,4083,34747
42043,35916,28487,6257,70660
42045,55011,50986,10133,116130
42047,3376,3011,788,7175
42049,37975,35874,6741,80590
42051,16519,20786,4163,41468
42053,487,330,167,984
42055,14237,11275,2935,28447
42057,1621,1642,387,3650
42059,3938,4447,1115,9500
42061,5165,4831,1387,11383
42063,8265,9968,2106,20339
42065,5036,5381,1424,11841
42067,2024,2267,679,4970
42069,25310,24447,5552,55309
42071,57334,42984,9980,110298
42073,10924,11106,2980,25010
42075,17093,13243,2919,33255
42077,50365,38190,8433,96988
42079,38755,35558,9010,83323
42081,14215,13309,2992,30516
42083,5465,5414,900,11779
42085,13385,13597,2820,29802
42087,6586,5471,1192,13249
42089,18797,19026,3289,41112
42091,53857,43623,11703,109183
42093,1417,1829,433,3679
42095,29687,25617,6085,61389
42097,10060,10314,2771,23145
42099,4328,3723,971,9022
42101,303407,293365,56248,653020
42103,5402,5813,1045,12260
42105,2053,2584,732,5369
42107,16114,15258,4273,35645
42109,3797,3132,876,7805
42111,8042,7903,2135,18080
42113,354,646,153,1153
42115,4062,4114,1153,9329
42117,4382,4828,1201,10411
42119,3927,3064,977,7968
42121,6687,7171,1730,15588
42123,4346,3730,1526,9602
42125,19275,20405,5333,45013
42127,5639,5536,1181,12356
42129,32016,33630,9336,74982
42131,3283,2542,569,6394
42133,50889,38702,8984,98575
44001,3257,4773,867,8897
44003,12953,19035,4555,36543
44005,3808,7035,1923,12766
44007,90371,111746,22180,224297
44009,6667,9673,2881,19221
45001,4018,2090,760,6868
45003,21975,10531,2432,34938
45005,1806,910,456,3172
45007,25770,11873,3512,41155
45009,2701,1523,469,4693
45011,4645,1955,820,7420
45013,16653,7099,2527,26279
45015,26469,10841,2724,40034
45017,1541,1133,658,3332
45019,37567,18052,5660,61279
45021,8799,5255,1309,15363
45023,4907,2830,948,8685
45025,8055,3962,848,12865
45027,5990,3435,1362,10787
45029,7191,2769,665,10625
45031,11909,5979,1514,19402
45033,6991,3556,792,11339
45035,17912,8972,2246,29130
45037,2535,1508,510,4553
45039,3562,1958,505,6025
45041,23755,11370,2608,37733
45043,9280,4397,1484,15161
45045,53708,23523,6677,83908
45047,11451,4670,1606,17727
45049,3349,1287,389,5025
45051,42601,21641,5095,69337
45053,5158,1904,690,7752
45055,8428,4010,1866,14304
45057,10649,4958,1390,16997
45059,11092,5290,1104,17486
45061,3220,1732,671,5623
45063,33055,13716,3472,50243
45065,1089,705,282,2076
45067,6319,3263,1231,10813
45069,5099,2448,702,8249
45071,6013,2521,1025,9559
45073,9186,4811,1624,15621
45075,17174,7719,4313,29206
45077,14170,6549,1652,22371
45079,47895,23870,5873,77638
45081,3509,1194,405,5108
45083,44046,18772,4922,67740
45085,18217,8154,3173,29544
45087,4691,2660,668,8019
45089,6072,3330,1405,10807
45091,25583,10782,2702,39067
46003,207,30,41,278
46005,2490,636,154,3280
46007,1011,205,34,1250
46009,408,128,96,632
46011,1299,566,259,2124
46013,2745,974,234,3953
46015,343,168,60,571
46017,522,119,17,658
46019,1331,424,126,1881
46021,21,10,29,60
46023,1453,312,109,1874
46025,414,87,35,536
46027,779,436,85,1300
46029,2472,671,305,3448
46031,1209,308,56,1573
46033,545,144,143,832
46035,1376,437,236,2049
46037,451,187,61,699
46039,295,72,34,401
46041,1607,329,47,1983
46043,124,46,34,204
46045,275,47,28,350
46047,603,241,110,954
46049,55,56,82,193
46051,344,108,102,554
46053,547,115,65,727
46055,113,23,10,146
46057,481,83,47,611
46059,162,34,49,245
46061,145,62,5,212
46063,61,36,7,104
46065,1352,409,143,1904
46067,493,167,64,724
46069,108,23,14,145
46071,765,190,45,1000
46073,61,45,33,139
46075,44,25,8,77
46077,288,86,80,454
46079,848,238,78,1164
46081,1553,561,201,2315
46083,2712,892,322,3926
46085,594,159,41,794
46087,433,110,34,577
46089,110,87,73,270
46091,448,27,63,538
46093,1758,408,266,2432
46095,519,137,39,695
46097,143,58,58,259
46099,16055,5273,1434,22762
46101,578,113,95,786
46102,4805,1275,168,6248
46103,10893,3367,1181,15441
46105,160,84,50,294
46107,236,38,25,299
46109,1524,201,125,1850
46111,130,35,18,183
46115,574,154,106,834
46117,204,36,24,264
46119,59,0,18,77
46121,3564,771,196,4531
46123,733,210,148,1091
46125,594,196,91,881
46127,746,238,156,1140
46129,335,129,144,608
46135,1604,928,222,2754
46137,819,253,23,1095
47001,9793,6469,1795,18057
47003,8433,4874,896,14203
47005,2131,1790,550,4471
47007,1794,1643,381,3818
47009,13049,9671,2532,25252
47011,13555,7589,2144,23288
47013,5851,4428,1407,11686
47015,1634,1011,488,3133
47017,3812,3076,800,7688
47019,8085,5804,1241,15130
47021,3926,2819,686,7431
47023,2616,1341,526,4483
47025,4206,3416,819,8441
47027,1151,790,263,2204
47029,6318,4255,1197,11770
47031,7881,4627,951,13459
47033,2467,1485,369,4321
47035,7876,5043,1914,14833
47037,85422,45043,9685,140150
47039,1715,1244,414,3373
47041,2788,1823,422,5033
47043,6688,3908,1520,12116
47045,5067,3631,803,9501
47047,3999,2571,1049,7619
47049,3587,2350,665,6602
47051,4532,2925,865,8322
47053,7006,4750,1302,13058
47055,3576,2726,644,6946
47057,3381,2346,675,6402
47059,9793,6708,2323,18824
47061,2459,1448,387,4294
47063,10892,6010,1243,18145
47065,33584,21600,7076,62260
47067,940,844,248,2032
47069,3629,2298,695,6622
47071,3931,3267,869,8067
47073,7751,5589,1403,14743
47075,3262,1799,612,5673
47077,4264,2962,636,7862
47079,4513,3499,770,8782
47081,3187,2339,632,6158
47083,1045,844,254,2143
47085,2179,1916,708,4803
47087,1523,1264,426,3213
47089,6825,4729,1113,12667
47091,2036,1953,603,4592
47093,44952,28991,6732,80675
47095,978,774,168,1920
47097,4399,2753,680,7832
47099,6155,3899,1142,11196
47101,2036,1350,329,3715
47103,4556,2948,895,8399
47105,5726,2718,907,9351
47107,7010,5055,1103,13168
47109,3907,2949,832,7688
47111,4016,2689,591,7296
47113,15026,8808,1651,25485
47115,3569,2081,794,6444
47117,4060,2652,505,7217
47119,10402,6615,1547,18564
47121,1462,1157,237,2856
47123,6723,4551,1321,12595
47125,20680,13509,2121,36310
47127,516,431,161,1108
47129,3070,2189,578,5837
47131,4627,2723,791,8141
47133,3284,1792,677,5753
47135,1252,949,237,2438
47137,900,686,131,1717
47139,2050,1390,303,3743
47141,10435,5933,1781,18149
47143,5252,3544,817,9613
47145,6113,5035,1421,12569
47147,8182,4030,1019,13231
47149,31695,15811,2989,50495
47151,4152,2782,794,7728
47153,2003,1579,192,3774
47155,14287,7655,1710,23652
47157,150457,77134,17320,244911
47159,2709,1901,378,4988
47161,1351,1456,438,3245
47163,20699,14230,3829,38758
47165,19369,10562,2158,32089
47167,7872,5075,1022,13969
47169,962,976,109,2047
47171,2604,1996,530,5130
47173,2945,2329,450,5724
47175,760,520,183,1463
47177,6763,4640,1065,12468
47179,12517,9091,2720,24328
47181,1891,1256,417,3564
47183,3894,3206,739,7839
47185,3749,2556,660,6965
47187,7964,4644,1541,14149
47189,10957,6419,1168,18544
48001,6221,1183,313,7717
48003,2070,361,117,2548
48005,12862,3284,953,17099
48007,2736,488,355,3579
48009,559,207,64,830
48011,114,25,16,155
48013,6099,1533,561,8193
48015,2574,554,195,3323
48017,1325,274,79,1678
48019,1513,473,240,2226
48021,9402,2168,773,12343
48023,239,98,48,385
48025,3974,919,346,5239
48027,38675,8580,2548,49803
48029,250029,59933,19784,329746
48031,615,112,103,830
48033,32,14,14,60
48035,1759,383,221,2363
48037,11354,3016,688,15058
48039,24918,5580,2286,32784
48041,18427,3717,1013,23157
48043,600,179,112,891
48045,158,13,22,193
48047,1544,331,174,2049
48049,4687,1265,411,6363
48051,1825,423,186,2434
48053,4079,1031,323,5433
48055,5745,997,385,7127
48057,2628,581,236,3445
48059,1241,323,176,1740
48061,95509,12101,8924,116534
48063,1770,429,173,2372
48065,307,61,47,415
48067,3812,926,342,5080
48069,1570,192,58,1820
48071,3706,874,154,4734
48073,8947,1561,613,11121
48075,396,283,62,741
48077,939,402,70,1411
48079,463,66,53,582
48081,227,65,54,346
48083,799,304,104,1207
48085,44258,8836,4267,57361
48087,454,124,41,619
48089,1979,293,212,2484
48091,8858,2436,1009,12303
48093,1427,317,140,1884
48095,357,20,59,436
48097,4377,800,285,5462
48099,6036,1458,506,8000
48101,524,72,40,636
48103,373,85,12,470
48105,363,41,3,407
48107,1179,171,70,1420
48109,259,126,86,471
48111,894,157,70,1121
48113,397554,71930,21829,491313
48115,2059,483,195,2737
48117,3402,353,205,3960
48119,655,164,67,886
48121,47101,8940,3625,59666
48123,2389,480,239,3108
48125,178,91,45,314
48127,2591,477,240,3308
48129,316,58,45,419
48131,2365,477,262,3104
48133,2225,996,329,3550
48135,17516,3513,1264,22293
48137,255,167,79,501
48139,15774,2932,1044,19750
48141,141259,25002,15603,181864
48143,3837,733,425,4995
48145,2140,742,235,3117
48147,3737,827,333,4897
48149,1516,563,301,2380
48151,258,105,87,450
48153,964,159,99,1222
48155,95,61,12,168
48157,51656,9769,5284,66709
48159,1057,164,178,1399
48161,2305,585,260,3150
48163,2822,642,341,3805
48165,2566,378,185,3129
48167,30542,6783,2622,39947
48169,669,168,47,884
48171,1791,268,189,2248
48173,76,8,0,84
48175,469,206,98,773
48177,3659,627,210,4496
48179,2971,559,249,3779
48181,13348,2981,1034,17363
48183,16793,3406,1232,21431
48185,3960,707,325,4992
48187,12395,2676,1364,16435
48189,5453,710,458,6621
48191,629,70,70,769
48193,1044,184,118,1346
48195,494,36,61,591
48197,375,140,44,559
48199,4150,1560,372,6082
48201,656940,135914,37640,830494
48203,7433,1945,522,9900
48205,521,39,23,583
48207,763,222,95,1080
48209,14212,2699,901,17812
48211,441,50,4,495
48213,10260,2743,672,13675
48215,211128,21227,17875,250230
48217,4336,948,327,5611
48219,3193,701,302,4196
48221,4296,1004,541,5841
48223,4259,946,372,5577
48225,2753,560,261,3574
48227,3647,1005,283,4935
48229,763,145,122,1030
48231,11324,2605,756,14685
48233,2750,697,165,3612
48235,85,7,0,92
48237,785,166,87,1038
48239,1501,359,48,1908
48241,4979,1087,318,6384
48243,203,37,33,273
48245,34503,6768,1918,43189
48247,1137,228,130,1495
48249,6116,1292,676,8084
48251,16110,3100,929,20139
48253,1973,372,157,2502
48255,1700,356,196,2252
48257,12350,3114,668,16132
48259,2283,721,375,3379
48261,155,0,53,208
48263,22,12,13,47
48265,5362,1451,444,7257
48267,584,66,60,710
48269,24,10,0,34
48271,494,81,98,673
48273,5128,1211,479,6818
48275,678,105,59,842
48277,6907,1643,859,9409
48279,2375,307,210,2892
48281,2165,420,184,2769
48283,663,162,164,989
48285,1557,334,218,2109
48287,1870,254,100,2224
48289,2296,396,120,2812
48291,11275,2184,745,14204
48293,3946,783,305,5034
48295,312,47,22,381
48297,881,303,161,1345
48299,1532,528,275,2335
48301,0,0,0,0
48303,35119,8401,2295,45815
48305,985,194,84,1263
48307,823,185,121,1129
48309,30337,7175,2157,39669
48311,64,11,11,86
48313,1288,325,153,1766
48315,1098,508,123,1729
48317,495,76,29,600
48319,372,58,66,496
48321,5866,919,530,7315
48323,11152,1691,1863,14706
48325,4184,1241,478,5903
48327,170,32,46,248
48329,11855,2210,1039,15104
48331,3218,767,383,4368
48333,301,76,81,458
48335,734,135,140,1009
48337,1678,331,244,2253
48339,48751,8846,3197,60794
48341,2741,376,168,3285
48343,1353,369,131,1853
48345,211,27,9,247
48347,8526,1799,554,10879
48349,7003,1414,535,8952
48351,1452,538,210,2200
48353,1755,463,162,2380
48355,47736,12350,5012,65098
48357,1149,148,35,1332
48359,91,18,13,122
48361,9754,2524,750,13028
48363,3750,908,392,5050
48365,3109,645,212,3966
48367,9732,2469,998,13199
48369,1570,147,108,1825
48371,1591,265,180,2036
48373,5708,1417,486,7611
48375,18360,3385,1203,22948
48377,1237,201,304,1742
48379,1027,335,185,1547
48381,9445,2170,887,12502
48383,281,32,23,336
48385,300,120,55,475
48387,1482,440,204,2126
48389,1393,212,221,1826
48391,962,245,62,1269
48393,64,0,6,70
48395,1708,608,203,2519
48397,4387,850,528,5765
48399,1291,281,106,1678
48401,5718,1385,553,7656
48403,1248,471,110,1829
48405,1089,337,158,1584
48407,4061,1247,399,5707
48409,9143,1843,666,11652
48411,766,81,102,949
48413,115,37,33,185
48415,1470,318,90,1878
48417,255,146,51,452
48419,3722,775,259,4756
48421,252,39,4,295
48423,27404,6198,2195,35797
48425,666,229,23,918
48427,17355,2677,2254,22286
48429,1222,273,241,1736
48431,162,4,6,172
48433,178,13,14,205
48435,268,61,35,364
48437,1144,253,92,1489
48439,234454,45205,13127,292786
48441,15410,3855,1186,20451
48443,23,16,24,63
48445,2193,312,215,2720
48447,126,33,20,179
48449,6156,764,174,7094
48451,11393,3093,1153,15639
48453,99344,26467,6484,132295
48455,1749,566,190,2505
48457,1967,697,241,2905
48459,4241,1097,398,5736
48461,285,90,37,412
48463,4961,753,451,6165
48465,7990,1340,974,10304
48467,6251,1525,784,8560
48469,10322,2779,1064,14165
48471,3693,1141,375,5209
48473,5881,1032,290,7203
48475,1163,340,106,1609
48477,3396,783,389,4568
48479,65621,8133,4860,78614
48481,5774,1039,674,7487
48483,644,69,48,761
48485,14239,3950,1436,19625
48487,1621,429,224,2274
48489,4561,1103,536,6200
48491,30659,8297,2884,41840
48493,4228,1103,460,5791
48495,870,116,57,1043
48497,6213,1263,332,7808
48499,4206,1304,473,5983
48501,1095,98,46,1239
48503,2067,335,228,2630
48505,4123,559,326,5008
48507,3430,654,347,4431
49001,381,154,55,590
49003,2972,1909,652,5533
49005,8292,4324,802,13418
49007,1701,1178,237,3116
49009,14,0,14,28
49011,17059,10144,2990,30193
49013,1554,947,197,2698
49015,824,363,49,1236
49017,193,87,84,364
49019,902,467,55,1424
49021,5179,3209,640,9028
49023,898,324,86,1308
49025,492,256,141,889
49027,870,422,102,1394
49029,531,151,60,742
49031,102,123,59,284
49033,243,82,16,341
49035,66769,39992,11267,118028
49037,2444,1498,315,4257
49039,2504,1278,308,4090
49041,1879,1084,310,3273
49043,815,437,248,1500
49045,4384,2638,605,7627
49047,2945,1695,432,5072
49049,36324,18411,3903,58638
49051,1020,519,267,1806
49053,12850,7451,2198,22499
49055,185,117,47,349
49057,17010,11239,2782,31031
50001,3528,4736,899,9163
50003,4084,5472,926,10482
50005,3683,4857,1187,9727
50007,11414,15588,3073,30075
50009,688,973,215,1876
50011,5713,7110,1312,14135
50013,559,765,129,1453
50015,2987,3770,434,7191
50017,3204,4160,856,8220
50019,3602,4696,1067,9365
50021,6014,7999,1596,15609
50023,5843,7533,1393,14769
50025,5146,6795,983,12924
50027,5386,7150,1578,14114
51001,5631,2306,1062,8999
51003,6766,4039,1019,11824
51005,2043,1673,454,4170
51007,1485,826,433,2744
51009,3307,2289,819,6415
51011,1822,1548,592,3962
51013,7436,4774,3050,15260
51015,6523,3995,1415,11933
51017,513,496,164,1173
51019,5824,3837,1380,11041
51021,414,346,272,1032
51023,2044,1761,434,4239
51025,2487,2176,1115,5778
51027,3019,4192,598,7809
51029,1994,1478,654,4126
51031,5537,4540,1141,11218
51033,3003,1711,1055,5769
51035,2776,3167,1385,7328
51036,732,595,187,1514
51037,2027,1486,618,4131
51041,27963,18262,4299,50524
51043,633,356,187,1176
51045,223,481,289,993
51047,5128,2977,924,9029
51049,1873,1189,761,3823
51051,2232,2868,395,5495
51053,2954,2125,1089,6168
51057,1853,1054,410,3317
51059,68034,32224,18831,119089
51061,4152,2380,1145,7677
51063,1429,1111,494,3034
51065,1603,780,242,2625
51067,6313,4211,1660,12184
51069,7491,3502,1512,12505
51071,1645,1436,683,3764
51073,2846,2891,850,6587
51075,1274,717,301,2292
51077,2123,1933,652,4708
51079,2021,1005,320,3346
51081,1361,993,327,2681
51083,4828,3538,1745,10111
51085,5476,3792,1385,10653
51087,29074,20902,5940,55916
51089,8850,7598,1977,18425
51091,166,52,73,291
51093,3276,2345,974,6595
51095,4199,2304,790,7293
51097,762,633,207,1602
51099,2211,1577,353,4141
51101,1765,766,229,2760
51103,853,629,688,2170
51105,3778,4763,1228,9769
51107,14864,6909,4743,26516
51109,4238,3107,950,8295
51111,1763,1907,442,4112
51113,1453,1065,379,2897
51115,481,387,176,1044
51117,4691,3062,1333,9086
51119,1244,831,424,2499
51121,5241,6636,1315,13192
51125,1299,1216,385,2900
51127,1182,774,364,2320
51131,1710,1304,463,3477
51133,1177,787,486,2450
51135,2555,2776,707,6038
51137,3877,2219,774,6870
51139,3299,2343,743,6385
51141,2578,1967,928,5473
51143,8415,6140,2055,16610
51145,1132,745,406,2283
51147,2334,1551,608,4493
51149,2803,2234,896,5933
51153,40941,15229,6429,62599
51155,3458,2980,1078,7516
51157,488,220,311,1019
51159,1189,452,281,1922
51161,6380,4314,1532,12226
51163,2386,2000,511,4897
51165,5966,3953,1738,11657
51167,3510,4400,1047,8957
51169,2469,3202,1301,6972
51171,5115,2878,1346,9339
51173,4356,4455,1120,9931
51175,2025,1808,683,4516
51177,12613,6567,2920,22100
51179,9560,4831,1369,15760
51181,723,428,249,1400
51183,1219,927,302,2448
51185,6063,5294,1719,13076
51187,4642,3306,631,8579
51191,6754,5644,2011,14409
51193,2387,1350,842,4579
51195,6182,6509,964,13655
51197,3466,3185,1018,7669
51199,2526,2179,889,5594
51510,13481,6553,2026,22060
51520,2951,2878,585,6414
51530,911,779,319,2009
51540,3899,3621,1093,8613
51550,20832,13263,3439,37534
51570,2707,1652,317,4676
51580,790,582,239,1611
51590,8048,6094,1912,16054
51595,1318,724,268,2310
51600,868,761,367,1996
51610,229,226,85,540
51620,1379,1044,498,2921
51630,3276,1883,372,5531
51640,927,1190,314,2431
51650,16166,11184,3964,31314
51660,5446,3615,606,9667
51670,4520,3589,358,8467
51678,197,496,143,836
51680,10294,8268,1673,20235
51683,6230,1385,421,8036
51685,2242,1167,161,3570
51690,2760,1943,649,5352
51700,23312,16681,4213,44206
51710,32825,26035,6844,65704
51720,925,971,220,2116
51730,5927,6115,1754,13796
51735,297,276,203,776
51740,15552,10575,2964,29091
51750,1038,2055,180,3273
51760,35064,30778,6678,72520
51770,16648,12896,2711,32255
51775,1716,1346,239,3301
51790,2639,1743,815,5197
51800,10020,7255,2245,19520
51810,31908,22362,6086,60356
51820,3506,2416,538,6460
51830,865,571,164,1600
51840,4479,2195,732,7406
53001,5976,1869,425,8270
53003,3235,2870,454,6559
53005,32076,23673,3426,59175
53007,12464,9324,1935,23723
53009,8372,9788,2240,20400
53011,57124,49709,8966,115799
53013,491,538,150,1179
53015,16267,17230,3234,36731
53017,8619,5333,973,14925
53019,1233,1696,233,3162
53021,22963,10771,1766,35500
53023,240,264,79,583
53025,22646,13981,2243,38870
53027,10035,10623,1876,22534
53029,6014,6338,1762,14114
53031,2751,3528,1159,7438
53033,172824,177449,40060,390333
53035,20096,27932,4617,52645
53037,4489,5753,816,11058
53039,2648,3326,594,6568
53041,11981,12670,1978,26629
53043,1388,1219,239,2846
53045,9100,9763,1720,20583
53047,9217,6905,947,17069
53049,2370,3587,765,6722
53051,2000,2153,459,4612
53053,99976,98256,16445,214677
53055,1178,1425,270,2873
53057,17356,14196,2653,34205
53059,1385,1871,261,3517
53061,69264,67307,14990,151561
53063,65956,74141,10361,150458
53065,6626,7706,1434,15766
53067,25063,28308,5592,58963
53069,341,616,163,1120
53071,8877,7087,1305,17269
53073,22499,25355,4623,52477
53075,3249,5119,689,9057
53077,58324,35933,5272,99529
54001,2374,2863,415,5652
54003,12644,11677,2220,26541
54005,3736,4883,820,9439
54007,1845,2170,490,4505
54009,2538,2654,401,5593
54011,10374,13771,2057,26202
54013,968,1443,341,2752
54015,1582,2064,438,4084
54017,865,1129,153,2147
54019,6465,6946,942,14353
54021,632,998,240,1870
54023,1151,1579,460,3190
54025,4392,5544,955,10891
54027,2929,3716,270,6915
54029,3472,3585,497,7554
54031,1649,1453,399,3501
54033,8628,9290,1405,19323
54035,3552,3733,648,7933
54037,4377,5205,1002,10584
54039,22045,26502,4088,52635
54041,2310,2755,447,5512
54043,3645,4288,497,8430
54045,4673,6726,677,12076
54047,3437,4525,617,8579
54049,5643,6834,1243,13720
54051,2711,3987,565,7263
54053,3242,4213,594,8049
54055,8697,10748,1903,21348
54057,2785,2885,690,6360
54059,4443,6083,639,11165
54061,6168,10175,1262,17605
54063,1445,1965,320,3730
54065,1406,1827,468,3701
54067,3228,4149,701,8078
54069,3989,4717,835,9541
54071,836,1035,167,2038
54073,716,664,127,1507
54075,1075,1304,287,2666
54077,3667,3912,784,8363
54079,4333,5078,737,10148
54081,9766,11430,2015,23211
54083,3230,4329,1089,8648
54085,1426,1431,275,3132
54087,2298,2763,343,5404
54089,1623,2622,342,4587
54091,2084,2244,384,4712
54093,589,903,226,1718
54095,909,1423,214,2546
54097,3430,3842,323,7595
54099,5528,7194,1310,14032
54101,1556,1903,392,3851
54103,2331,2333,379,5043
54105,985,865,261,2111
54107,10638,12119,1962,24719
54109,3258,4574,624,8456
55001,2133,2649,755,5537
55003,2403,1957,539,4899
55005,4789,4257,1553,10599
55007,1626,1515,369,3510
55009,22782,18208,3740,44730
55011,965,924,360,2249
55013,1788,1748,407,3943
55015,2817,2265,719,5801
55017,6677,4895,1377,12949
55019,3564,2723,903,7190
55021,4320,3712,991,9023
55023,1471,1417,580,3468
55025,31672,26557,6309,64538
55027,6344,6359,1426,14129
55029,1397,1482,360,3239
55031,3710,4557,1044,9311
55033,3989,3838,905,8732
55035,8105,8121,2399,18625
55037,337,497,147,981
55039,7823,7198,2004,17025
55041,1043,999,231,2273
55043,3327,3252,1132,7711
55045,2948,2582,777,6307
55047,1676,1313,405,3394
55049,1593,1545,464,3602
55051,494,669,201,1364
55053,2324,1909,472,4705
55055,7181,5990,1836,15007
55057,2861,2609,727,6197
55059,17744,15463,3347,36554
55061,1217,1099,484,2800
55063,7411,8353,2702,18466
55065,1511,1248,480,3239
55067,1954,2471,565,4990
55069,1974,2094,719,4787
55071,6221,6003,1626,13850
55073,11672,9217,3058,23947
55075,4057,4144,1114,9315
55077,1381,1358,366,3105
55078,843,627,133,1603
55079,144300,123401,22952,290653
55081,4488,3500,1078,9066
55083,2946,2834,767,6547
55085,2272,2666,886,5824
55087,12972,12540,2204,27716
55089,3088,3121,1152,7361
55091,608,502,241,1351
55093,2074,2482,491,5047
55095,4037,3636,857,8530
55097,4549,4877,1133,10559
55099,1245,1431,481,3157
55101,21110,18466,3550,43126
55103,1543,1620,446,3609
55105,19512,16004,3032,38548
55107,1558,1737,487,3782
55109,4674,3979,1261,9914
55111,6028,4898,1282,12208
55113,2099,1940,389,4428
55115,3293,2850,841,6984
55117,8463,7242,2122,17827
55119,2167,1737,501,4405
55121,2509,1786,700,4995
55123,2511,2052,769,5332
55125,2449,2567,654,5670
55127,8289,7820,1658,17767
55129,1428,1612,424,3464
55131,7196,6761,1774,15731
55133,15475,15748,5558,36781
55135,4349,3620,1323,9292
55137,2126,2094,680,4900
55139,12667,11802,2721,27190
55141,7950,6727,1703,16380
56001,1926,715,381,3022
56003,737,254,142,1133
56005,2913,1129,198,4240
56007,1085,306,72,1463
56009,932,530,156,1618
56011,400,204,28,632
56013,4347,1503,556,6406
56015,869,431,232,1532
56017,370,144,31,545
56019,571,119,34,724
56021,6914,2595,855,10364
56023,1231,311,68,1610
56025,5806,2341,973,9120
56027,192,38,57,287
56029,1579,676,238,2493
56031,500,170,170,840
56033,1195,604,302,2101
56035,482,143,104,729
56037,2339,1072,329,3740
56039,590,203,163,956
56041,2222,470,118,2810
56043,555,154,81,790
56045,464,92,60,616
4001,12500,16672,3598,32770
4003,15208,17262,4428,36898
4005,13919,17501,3076,34496
4007,7705,9717,1800,19222
4009,5716,5903,854,12473
4011,1067,992,74,2133
4012,2329,2927,1172,6428
4013,469943,462256,84616,1016815
4015,23986,37359,7900,69245
4017,21391,25758,3724,50873
4019,114121,134937,28357,277415
4021,46352,51947,9226,107525
4023,9374,9484,2185,21043
4025,19343,27891,7510,54744
4027,33546,34337,7400,75283
11001,76681,121428,23956,222065
72001,3163,6857,1386,11406
72003,5434,14085,3729,23248
72005,8053,15084,4235,27372
72007,4252,7995,1649,13896
72009,3649,8329,2572,14550
72011,3446,8693,3110,15249
72013,12235,23996,5607,41838
72015,3442,7522,2102,13066
72017,3302,7253,2147,12702
72019,5951,11699,2755,20405
72021,20950,35950,12328,69228
72023,6292,14552,4874,25718
72025,15689,30936,9317,55942
72027,5087,11333,2954,19374
72029,5953,11642,3554,21149
72031,16211,26523,8963,51697
72033,3709,6778,2142,12629
72035,5415,10725,3659,19799
72037,1435,3417,1428,6280
72039,3084,6302,1553,10939
72041,5477,11918,2623,20018
72043,5580,12425,1968,19973
72045,3658,7870,2088,13616
72047,5964,12415,3741,22120
72049,173,346,119,638
72051,4007,8012,1578,13597
72053,4517,8195,2650,15362
72054,1912,3616,1058,6586
72055,3078,6006,1336,10420
72057,6711,13672,4633,25016
72059,3138,6084,1366,10588
72061,6292,12810,5114,24216
72063,4344,9703,2793,16840
72065,5154,12285,3979,21418
72067,2133,3939,1660,7732
72069,7631,17551,5211,30393
72071,6102,14787,3907,24796
72073,2762,5564,999,9325
72075,7142,14010,3899,25051
72077,5707,13062,3526,22295
72079,3897,8142,2488,14527
72081,4211,9479,1915,15605
72083,1504,2877,757,5138
72085,4821,11588,2878,19287
72087,4360,7921,2164,14445
72089,2468,5039,1793,9300
72091,5748,11349,5644,22741
72093,1012,2691,529,4232
72095,1906,3739,952,6597
72097,11015,21794,6428,39237
72099,6093,13617,3005,22715
72101,5162,11968,3245,20375
72103,4728,8729,2526,15983
72105,3848,9307,2854,16009
72107,4048,9340,2422,15810
72109,2792,6279,2116,11187
72111,3939,7858,1213,13010
72113,22475,42586,10314,75375
72115,4098,9128,2607,15833
72117,1539,4233,1616,7388
72119,5308,12544,4520,22372
72121,2903,6402,1483,10788
72123,5385,9568,1713,16666
72125,4843,10143,2542,17528
72127,33273,56736,18764,108773
72129,5058,11236,2674,18968
72131,5850,13000,3742,22592
72133,3418,6369,1410,11197
72135,7096,14139,3063,24298
72137,9776,18120,5325,33221
72139,6548,11132,3732,21412
72141,4408,9739,2172,16319
72143,5610,10860,3270,19740
72145,7277,15268,5520,28065
72147,1659,2268,791,4718
72149,4025,7728,2178,13931
72151,5328,11697,3996,21021
72153,5347,11707,2250,19304