FIPS,Labor_Force,Employed,Unemployed,Rate
48269,217,213,4,1.8
48301,670,665,5,0.7
31009,264,256,8,3
35021,274,265,9,3.3
31075,427,417,10,2.3
30069,258,247,11,4.3
48261,182,170,12,6.6
31103,600,587,13,2.2
31007,386,373,13,3.4
31117,450,436,14,3.1
31091,476,462,14,2.9
31005,236,222,14,5.9
30103,308,294,14,4.5
16033,389,375,14,3.6
48033,392,377,15,3.8
32009,465,450,15,3.2
49009,440,424,16,3.6
31115,417,401,16,3.8
20071,821,805,16,1.9
31183,579,562,17,2.9
38087,389,371,18,4.6
48393,386,367,19,4.9
38007,360,341,19,5.3
31085,638,619,19,3
30011,588,569,19,3.2
20199,1005,986,19,1.9
48443,347,327,20,5.8
48263,448,428,20,4.5
30033,660,640,20,3
31113,485,464,21,4.3
48345,435,413,22,5.1
48311,826,804,22,2.7
20025,1066,1044,22,2.1
31165,779,756,23,3
30037,361,338,23,6.4
48045,531,507,24,4.5
30019,822,798,24,2.9
20101,778,754,24,3.1
31171,443,418,25,5.6
31149,904,879,25,2.8
30051,890,865,25,2.8
20203,1403,1378,25,1.8
8053,441,416,25,5.7
48155,555,529,26,4.7
48101,489,463,26,5.3
28055,362,336,26,7.2
38051,1062,1035,27,2.5
20187,1017,990,27,2.7
38047,858,830,28,3.3
48359,844,815,29,3.4
46069,654,625,29,4.4
21201,792,763,29,3.7
49031,507,477,30,5.9
46075,563,533,30,5.3
38083,644,614,30,4.7
20083,1036,1006,30,2.9
20023,1340,1310,30,2.2
2282,235,205,30,12.8
38095,1065,1034,31,2.9
30109,447,416,31,6.9
20075,1625,1594,31,1.9
48433,532,500,32,6
46119,779,747,32,4.1
46055,1016,984,32,3.1
38037,1172,1140,32,2.7
35011,688,656,32,4.7
48173,733,700,33,4.5
38039,1004,971,33,3.3
38033,822,789,33,4
46021,760,726,34,4.5
38091,969,935,34,3.5
32011,1180,1146,34,2.9
30055,880,846,34,3.9
16025,720,686,34,4.7
8061,844,810,34,4
48447,589,554,35,5.9
31057,1211,1176,35,2.9
30075,924,889,35,3.8
30079,460,424,36,7.8
20129,1098,1062,36,3.3
20179,1449,1412,37,2.6
13265,557,520,37,6.6
49033,1424,1386,38,2.7
46063,706,668,38,5.4
31049,1012,974,38,3.8
40025,1318,1279,39,3
8017,1021,982,39,3.8
48011,867,827,40,4.6
38065,860,820,40,4.7
38001,1027,987,40,3.9
31071,1181,1141,40,3.4
41069,705,664,41,5.8
20033,914,873,41,4.5
48421,1274,1232,42,3.3
20109,1687,1644,43,2.5
48431,550,506,44,8
48137,1056,1012,44,4.2
40057,1162,1118,44,3.8
13239,766,722,44,5.7
20153,1530,1485,45,2.9
20063,1525,1480,45,3
8079,534,489,45,8.4
30045,980,934,46,4.7
48125,632,585,47,7.4
48087,1027,980,47,4.6
31135,1891,1844,47,2.5
31015,1140,1093,47,4.1
2060,683,636,47,6.9
46107,1061,1013,48,4.5
46073,1108,1060,48,4.3
16023,1475,1427,48,3.3
8057,931,882,49,5.3
20097,1234,1184,50,4.1
46049,1046,995,51,4.9
38031,1441,1390,51,3.5
31073,1156,1105,51,4.4
48243,930,878,52,5.6
31017,1451,1399,52,3.6
20089,1306,1254,52,4
20039,1264,1212,52,4.1
13125,1191,1139,52,4.4
30059,892,839,53,5.9
21189,1077,1024,53,4.9
20195,1378,1325,53,3.8
48327,817,763,54,6.6
38011,1580,1526,54,3.4
20135,1365,1310,55,4
20047,1349,1294,55,4.1
48235,724,668,56,7.7
38085,1233,1177,56,4.5
38045,1993,1937,56,2.8
38023,1367,1311,56,4.1
31069,1120,1064,56,5
20105,1712,1656,56,3.3
38041,1360,1303,57,4.2
20183,2026,1969,57,2.8
8111,691,634,57,8.2
46043,1557,1499,58,3.7
30107,748,690,58,7.8
38063,1328,1269,59,4.4
38027,1187,1127,60,5.1
48205,2531,2470,61,2.4
38043,1231,1170,61,5
13307,996,935,61,6.1
56027,1281,1219,62,4.8
46095,720,658,62,8.6
46071,1329,1267,62,4.7
31029,2380,2318,62,2.6
21105,1733,1671,62,3.6
8115,1126,1064,62,5.5
51091,1218,1155,63,5.2
38013,1038,975,63,6.1
29227,1224,1161,63,5.1
48095,1256,1192,64,5.1
38029,1379,1315,64,4.6
53023,768,703,65,8.5
21039,2174,2109,65,3
72049,945,879,66,7
38019,1825,1759,66,3.6
31087,1332,1266,66,5
31077,1316,1250,66,5
20119,2171,2105,66,3
48191,983,916,67,6.8
46137,911,844,67,7.4
20141,2031,1963,68,3.3
20093,2093,2025,68,3.2
20081,2284,2216,68,3
48295,1484,1415,69,4.6
48023,1712,1643,69,4
31133,1519,1450,69,4.5
20065,1150,1081,69,6
20049,1202,1133,69,5.7
46089,985,915,70,7.1
40059,1705,1633,72,4.2
29129,2003,1930,73,3.6
20069,3301,3228,73,2.2
48129,1269,1195,74,5.8
46059,1751,1677,74,4.2
46045,1985,1911,74,3.7
30097,1784,1710,74,4.1
20137,2661,2587,74,2.8
46111,1161,1086,75,6.5
38075,1205,1130,75,6.2
13007,1103,1028,75,6.8
48385,945,869,76,8
40007,2672,2596,76,2.8
35003,1077,1001,76,7.1
8009,1860,1784,76,4.1
46003,1542,1465,77,5
31063,1620,1543,77,4.8
29103,1801,1724,77,4.3
46105,1412,1334,78,5.5
38069,1625,1547,78,4.8
41055,958,879,79,8.2
38103,1853,1774,79,4.3
48333,1763,1683,80,4.5
31083,1919,1839,80,4.2
13101,1833,1753,80,4.4
48151,1507,1426,81,5.4
30025,1644,1563,81,4.9
20165,1612,1531,81,5
38021,2245,2163,82,3.7
29199,2414,2332,82,3.4
46097,1194,1110,84,7
31061,1571,1487,84,5.3
20201,3035,2951,84,2.8
48271,1308,1223,85,6.5
48197,1646,1560,86,5.2
31163,1716,1630,86,5
48081,1379,1292,87,6.3
20017,1760,1673,87,4.9
48211,1711,1623,88,5.1
35059,1677,1589,88,5.2
48109,977,888,89,9.1
46007,1068,979,89,8.3
27155,1806,1717,89,4.9
20189,2820,2731,89,3.2
20185,2035,1946,89,4.4
20171,2927,2838,89,3
41021,906,813,93,10.3
31175,2264,2171,93,4.1
20157,2277,2184,93,4.1
31129,2474,2380,94,3.8
31125,2065,1971,94,4.6
48275,1354,1259,95,7
46031,1305,1210,95,7.3
32027,2887,2792,95,3.3
32017,2364,2269,95,4
31161,2731,2636,95,3.5
20053,2756,2661,95,3.4
16037,2433,2338,95,3.9
48267,1715,1619,96,5.6
40129,1768,1672,96,5.4
40045,2007,1911,96,4.8
48079,1069,972,97,9.1
31181,1762,1665,97,5.5
31011,3066,2969,97,3.2
20007,2383,2286,97,4.1
48195,2487,2389,98,3.9
21057,3118,3020,98,3.1
6003,500,402,98,19.6
49055,1558,1459,99,6.4
30015,2386,2287,99,4.1
21143,2925,2826,99,3.4
48319,1657,1557,100,6
46017,717,617,100,13.9
35019,1481,1381,100,6.8
21237,1904,1804,100,5.3
21129,1954,1854,100,5.1
13249,2193,2093,100,4.6
48413,1206,1105,101,8.4
30091,1712,1611,101,5.9
8025,1328,1227,101,7.6
20123,3355,3252,103,3.1
31097,2123,2019,104,4.9
29087,2617,2513,104,4
21075,2050,1946,104,5.1
32021,2462,2357,105,4.3
29211,2728,2623,105,3.8
2164,859,754,105,12.2
46117,1884,1778,106,5.6
37177,1405,1298,107,7.6
30071,1793,1686,107,6
8011,1659,1551,108,6.5
31105,2092,1983,109,5.2
20181,2854,2745,109,3.8
48111,3524,3414,110,3.1
30005,2327,2217,110,4.7
13065,2431,2320,111,4.6
8095,2364,2253,111,4.7
46053,2058,1946,112,5.4
19003,2060,1948,112,5.4
13309,1544,1432,112,7.3
8033,1109,997,112,10.1
48417,1780,1667,113,6.3
40053,2551,2438,113,4.4
38081,2687,2574,113,4.2
35023,2104,1991,113,5.4
20147,2718,2605,113,4.2
38073,2771,2657,114,4.1
13201,2635,2521,114,4.3
31169,2874,2759,115,4
20207,1652,1537,115,7
16007,3110,2994,116,3.7
21165,2164,2046,118,5.5
20145,2841,2723,118,4.2
16061,1747,1629,118,6.8
48411,2371,2252,119,5
48107,2332,2211,121,5.2
46061,1743,1622,121,6.9
31065,2711,2590,121,4.5
27011,2432,2311,121,5
53013,1703,1581,122,7.2
49001,3007,2885,122,4.1
48075,2722,2600,122,4.5
40003,2664,2542,122,4.6
31031,3555,3433,122,3.4
72093,1676,1553,123,7.3
31003,3786,3663,123,3.2
30039,1718,1595,123,7.2
20019,1569,1446,123,7.8
27069,2349,2225,124,5.3
48461,1624,1499,125,7.7
29171,2331,2206,125,5.4
13053,1854,1729,125,6.7
13037,2228,2103,125,5.6
48017,2248,2122,126,5.6
12067,2551,2425,126,4.9
8121,2449,2323,126,5.1
53069,1347,1220,127,9.4
48369,4433,4306,127,2.9
48207,2122,1995,127,6
27081,3225,3097,128,4
46025,1954,1825,129,6.6
26083,931,802,129,13.9
22107,1290,1161,129,10
20163,2534,2405,129,5.1
48069,3172,3042,130,4.1
21055,3631,3501,130,3.6
16071,2448,2317,131,5.4
13061,923,792,131,14.2
6091,1182,1051,131,11.1
32015,3748,3616,132,3.5
2275,1029,897,132,12.8
48483,2135,2002,133,6.2
27125,2174,2041,133,6.1
16003,1816,1683,133,7.3
29075,3556,3422,134,3.8
21063,1913,1779,134,7
40043,2832,2697,135,4.8
31051,3024,2889,135,4.5
16029,4217,4082,135,3.2
48437,2423,2287,136,5.6
56017,2252,2115,137,6.1
46091,2436,2299,137,5.6
31123,2764,2627,137,5
30099,2674,2537,137,5.1
21053,3855,3718,137,3.6
48435,1284,1145,139,10.8
31059,3334,3195,139,4.2
21007,3179,3039,140,4.4
20193,4294,4154,140,3.3
20143,3054,2914,140,4.6
20127,3058,2918,140,4.6
2013,2498,2358,140,5.6
19009,2911,2770,141,4.8
16063,2766,2625,141,5.1
48065,2828,2686,142,5
21023,3615,3473,142,3.9
8073,2015,1873,142,7
40029,2314,2171,143,6.2
46039,2215,2071,144,6.5
21181,3184,3040,144,4.5
31035,3462,3317,145,4.2
51045,2193,2046,147,6.7
48119,2318,2171,147,6.3
21171,4442,4294,148,3.3
12077,2410,2262,148,6.1
46085,1748,1599,149,8.5
30101,2100,1951,149,7.1
46077,2737,2586,151,5.5
21149,4070,3919,151,3.7
19143,3289,3138,151,4.6
13253,2930,2778,152,5.2
40055,1830,1677,153,8.4
19159,2319,2166,153,6.6
13315,2600,2447,153,5.9
13259,2525,2372,153,6.1
46123,3040,2886,154,5.1
31143,3103,2949,154,5
20077,2927,2772,155,5.3
38049,3007,2851,156,5.2
31093,3309,3153,156,4.7
30077,2886,2730,156,5.4
5013,2347,2191,156,6.6
48153,2388,2231,157,6.6
47137,2203,2045,158,7.2
30065,2235,2077,158,7.1
37095,1855,1696,159,8.6
48105,1605,1445,160,10
47095,1682,1522,160,9.5
29005,2827,2667,160,5.7
13243,2486,2326,160,6.4
20067,3204,3043,161,5
16077,4032,3870,162,4
35033,2097,1933,164,7.8
21091,3840,3676,164,4.3
8027,2021,1857,164,8.1
13283,2549,2384,165,6.5
2068,1364,1199,165,12.1
32029,1900,1734,166,8.7
46057,3347,3180,167,5
32033,5607,5440,167,3
48229,1766,1598,168,9.5
31167,3677,3509,168,4.6
29205,3186,3018,168,5.3
31027,4771,4602,169,3.5
30073,2572,2403,169,6.6
17009,2803,2633,170,6.1
46009,2913,2742,171,5.9
27073,3576,3405,171,4.8
21139,3310,3139,171,5.2
51720,1687,1515,172,10.2
48305,2652,2480,172,6.5
40067,2441,2269,172,7
21219,5239,5067,172,3.3
48169,2096,1923,173,8.3
46129,2176,2002,174,8
13269,2803,2629,174,6.2
13235,3718,3543,175,4.7
49023,5889,5713,176,3
46015,2554,2377,177,6.9
38009,2841,2664,177,6.2
21223,3701,3524,177,4.8
8023,1731,1554,177,10.2
46115,3210,3032,178,5.5
29197,2032,1854,178,8.8
29041,3780,3602,178,4.7
29035,2556,2378,178,7
13003,4260,4082,178,4.2
8063,3838,3660,178,4.6
48317,2627,2448,179,6.8
40141,2934,2755,179,6.1
31139,4326,4147,179,4.1
27167,3504,3325,179,5.1
2230,963,784,179,18.6
48193,3436,3256,180,5.2
21087,4772,4592,180,3.8
20029,3857,3677,180,4.7
2195,1343,1163,180,13.4
19071,3460,3279,181,5.2
13197,3038,2857,181,6
46087,3106,2924,182,5.9
40093,3678,3496,182,4.9
31095,4342,4160,182,4.2
20167,3311,3129,182,5.5
13173,3558,3375,183,5.1
38025,3366,3181,185,5.5
38005,2338,2153,185,7.9
28125,1610,1425,185,11.5
17069,1358,1173,185,13.6
46037,2825,2638,187,6.6
36041,2420,2233,187,7.7
30007,2571,2384,187,7.3
29045,3231,3044,187,5.8
21169,3771,3584,187,5
21131,2438,2251,187,7.7
20197,3588,3401,187,5.2
13049,4602,4415,187,4.1
51678,2054,1866,188,9.2
31039,5017,4829,188,3.7
30105,4038,3850,188,4.7
29081,3922,3734,188,4.8
13301,2730,2542,188,6.9
13155,3272,3084,188,5.7
19185,2726,2537,189,6.9
56011,3873,3683,190,4.9
40075,3289,3099,190,5.8
13167,3943,3753,190,4.8
20131,5279,5088,191,3.6
29061,4267,4074,193,4.5
27077,2409,2216,193,8
27051,3354,3161,193,5.8
20095,3361,3168,193,5.7
19093,4018,3825,193,4.8
31021,3664,3470,194,5.3
56045,3910,3715,195,5
38067,3242,3047,195,6
27117,4743,4548,195,4.1
38097,4310,4114,196,4.5
21077,3950,3753,197,5
20117,5487,5290,197,3.6
20073,3314,3117,197,5.9
40033,2696,2498,198,7.3
31107,4865,4666,199,4.1
13181,3340,3141,199,6
48247,1765,1565,200,11.3
21175,4362,4162,200,4.6
17171,2567,2366,201,7.8
5147,2605,2403,202,7.8
5039,2681,2478,203,7.6
51021,2764,2560,204,7.4
46067,3616,3412,204,5.6
29057,3655,3451,204,5.6
27149,5325,5121,204,3.8
49027,6270,6065,205,3.3
49015,4602,4394,208,4.5
47067,1991,1783,208,10.4
29085,3886,3678,208,5.4
13165,3001,2793,208,6.9
49029,5835,5626,209,3.6
19119,6465,6256,209,3.2
31101,4877,4667,210,4.3
17151,1702,1492,210,12.3
48383,1922,1711,211,11
31147,4478,4267,211,4.7
2105,1276,1065,211,16.5
30061,1887,1675,212,11.2
20003,4288,4076,212,4.9
46051,4446,4231,215,4.8
31099,4045,3830,215,5.3
5101,3231,3016,215,6.7
31127,3681,3465,216,5.9
48335,2279,2062,217,9.5
47175,1923,1706,217,11.3
21031,4525,4308,217,4.8
20027,3879,3662,217,5.6
13289,2700,2483,217,8
8103,2769,2552,217,7.8
51157,3672,3454,218,5.9
31121,3992,3774,218,5.5
19151,4316,4097,219,5.1
30001,4974,4754,220,4.4
16035,2884,2664,220,7.6
31089,6014,5793,221,3.7
21229,6146,5925,221,3.6
21191,6610,6389,221,3.3
21159,2694,2473,221,8.2
13319,3899,3678,221,5.7
54105,2260,2038,222,9.8
38057,3436,3214,222,6.5
29025,4314,4092,222,5.1
29063,4779,4556,223,4.7
27101,4649,4426,223,4.8
49017,3245,3021,224,6.9
49025,4031,3806,225,5.6
38055,4575,4350,225,4.9
29179,3027,2802,225,7.4
19001,4003,3778,225,5.6
22023,3562,3336,226,6.3
16059,3776,3550,226,6
21187,4944,4717,227,4.6
21033,5223,4996,227,4.3
19051,3997,3770,227,5.7
13005,4712,4485,227,4.8
72147,2603,2375,228,8.8
35037,3113,2885,228,7.3
13209,3778,3549,229,6.1
54071,3549,3319,230,6.5
21109,3714,3484,230,6.2
51530,3504,3273,231,6.6
13263,2698,2467,231,8.6
12125,4129,3898,231,5.6
17175,2357,2125,232,9.8
40105,4415,4182,233,5.3
20151,5035,4802,233,4.6
2070,2320,2087,233,10
48083,2747,2513,234,8.5
21147,4460,4226,234,5.2
13141,2459,2225,234,9.5
5073,2401,2167,234,9.7
28037,2703,2468,235,8.7
22081,3532,3297,235,6.7
22035,1762,1527,235,13.3
21061,4268,4033,235,5.5
38003,5008,4772,236,4.7
21025,3156,2920,236,7.5
13287,3114,2878,236,7.6
5129,2806,2570,236,8.4
55037,2316,2079,237,10.2
20159,5408,5171,237,4.4
5025,3117,2880,237,7.6
48009,3919,3681,238,6.1
42053,1772,1534,238,13.4
47027,2517,2276,241,9.6
27133,5724,5483,241,4.2
30057,4404,4162,242,5.5
20031,3917,3675,242,6.2
37103,4026,3782,244,6.1
29125,3919,3675,244,6.2
21045,6382,6138,244,3.8
51097,3806,3559,247,6.5
31179,5721,5474,247,4.3
20043,4087,3840,247,6
19117,4474,4227,247,5.5
29089,4788,4540,248,5.2
21011,4410,4162,248,5.6
40151,4533,4284,249,5.5
37029,4454,4205,249,5.6
51115,4035,3785,250,6.2
27107,3322,3072,250,7.5
19089,4894,4644,250,5.1
5127,4191,3941,250,6
72095,2663,2412,251,9.4
40103,5336,5085,251,4.7
29033,4724,4473,251,5.3
5095,2686,2435,251,9.3
31045,5225,4973,252,4.8
21233,5473,5221,252,4.6
16043,7891,7639,252,3.2
28019,3552,3299,253,7.1
21119,4053,3800,253,6.2
19025,4014,3761,253,6.3
46041,2230,1976,254,11.4
8125,5284,5030,254,4.8
2100,1273,1019,254,20
48307,3127,2872,255,8.2
5097,2795,2540,255,9.1
5077,2674,2419,255,9.5
19173,3120,2864,256,8.2
13099,4353,4097,256,5.9
31037,5847,5590,257,4.4
31023,4840,4583,257,5.3
16087,4705,4448,257,5.5
48399,4351,4093,258,5.9
46121,3081,2823,258,8.4
31137,5256,4998,258,4.9
21197,4807,4549,258,5.4
19133,4384,4126,258,5.9
19161,5072,4813,259,5.1
17059,2281,2022,259,11.4
13109,4746,4487,259,5.5
40085,5850,5590,260,4.4
20013,5475,5215,260,4.7
56043,3966,3705,261,6.6
30087,3777,3516,261,6.9
17047,2808,2547,261,9.3
16041,7006,6745,261,3.7
13317,3780,3519,261,6.9
13043,5507,5246,261,4.7
51159,4040,3778,262,6.5
41025,3574,3312,262,7.3
13273,3316,3054,262,7.9
40107,4309,4045,264,6.1
48237,3234,2969,265,8.2
46047,3227,2962,265,8.2
54017,3766,3500,266,7.1
47127,3470,3204,266,7.7
26095,2509,2243,266,10.6
40127,4127,3860,267,6.5
21041,5111,4844,267,5.2
19177,3558,3291,267,7.5
54021,2298,2030,268,11.7
48031,6209,5940,269,4.3
27173,5336,5066,270,5.1
21221,5941,5671,270,4.5
48175,3121,2850,271,8.7
27151,4857,4586,271,5.6
56031,4900,4628,272,5.6
48429,3848,3576,272,7.1
41037,3758,3486,272,7.2
16009,4214,3942,272,6.5
42113,2507,2234,273,10.9
48357,3982,3708,274,6.9
72073,3789,3514,275,7.3
29079,4493,4218,275,6.1
19131,6861,6586,275,4
29203,3341,3065,276,8.3
21065,4980,4703,277,5.6
12037,4253,3976,277,6.5
21123,5712,5434,278,4.9
51181,3576,3297,279,7.8
37137,4924,4644,280,5.7
30023,5031,4751,280,5.6
19053,4075,3795,280,6.9
17003,1971,1691,280,14.2
29137,3835,3554,281,7.3
5117,3478,3197,281,8.1
72083,2532,2250,282,11.1
1027,6071,5789,282,4.6
50009,2837,2554,283,10
40069,3185,2902,283,8.9
30027,5760,5477,283,4.9
20115,6101,5818,283,4.6
17013,2325,2042,283,12.2
53019,2296,2012,284,12.4
48159,4419,4135,284,6.4
21225,5696,5411,285,5
47083,3062,2776,286,9.3
31081,4779,4493,286,6
22025,3302,3015,287,8.7
19069,5336,5049,287,5.4
48103,1612,1324,288,17.9
46101,4120,3832,288,7
17169,3385,3097,288,8.5
48391,3060,2771,289,9.4
40077,2996,2707,289,9.6
21135,4262,3973,289,6.8
16047,8340,8051,289,3.5
16015,3667,3378,289,7.9
5079,3800,3511,289,7.6
21051,4820,4530,290,6
8021,3737,3447,290,7.8
40011,4486,4195,291,6.5
37005,4415,4124,291,6.6
48077,4667,4375,292,6.3
38099,5021,4729,292,5.8
17153,1981,1689,292,14.7
12013,4455,4163,292,6.6
5105,4036,3744,292,7.2
53043,4392,4099,293,6.7
51640,3000,2707,293,9.8
48279,4982,4689,293,5.9
37073,5009,4716,293,5.8
29185,3842,3549,293,7.6
28009,2848,2554,294,10.3
56019,4262,3967,295,6.9
30095,5295,5000,295,5.6
28015,3288,2993,295,9
21203,5893,5598,295,5
21127,4926,4631,295,6
19165,6308,6013,295,4.7
16021,5556,5261,295,5.3
48487,4732,4436,296,6.3
18161,3491,3195,296,8.5
38071,5432,5134,298,5.5
31173,3270,2972,298,9.1
28119,2372,2074,298,12.6
37043,4206,3907,299,7.1
31033,4546,4247,299,6.6
29039,5827,5528,299,5.1
5099,3556,3257,299,8.4
29093,3564,3264,300,8.4
13023,4237,3937,300,7.1
56003,5406,5105,301,5.6
22021,3563,3261,302,8.5
19147,4573,4271,302,6.6
19135,3928,3626,302,7.7
46125,4763,4460,303,6.4
19091,4850,4547,303,6.2
2240,2819,2515,304,10.8
48379,5863,5557,306,5.2
29151,7007,6701,306,4.4
21069,5846,5540,306,5.2
2185,3095,2789,306,9.9
47135,2846,2539,307,10.8
21103,7861,7554,307,3.9
13161,5731,5424,307,5.4
2016,3211,2904,307,9.6
48405,3380,3072,308,9.1
48283,4135,3827,308,7.4
29117,7430,7122,308,4.1
13281,3593,3285,308,8.6
6049,3069,2761,308,10
1037,4559,4251,308,6.8
48117,7892,7580,312,4
29111,5107,4794,313,6.1
21099,7613,7299,314,4.1
21097,8446,8132,314,3.7
1011,4739,4425,314,6.6
13079,5232,4917,315,6
27121,6481,6165,316,4.9
45005,2700,2383,317,11.7
41063,3424,3107,317,9.3
37143,4746,4427,319,6.7
13193,4484,4165,319,7.1
48047,2629,2309,320,12.2
5109,4125,3805,320,7.8
41023,3264,2943,321,9.8
29153,3555,3234,321,9
29011,5283,4962,321,6.1
37075,3479,3157,322,9.3
37041,5546,5224,322,5.8
21231,7173,6851,322,4.5
21079,7114,6791,323,4.5
19195,4111,3788,323,7.9
56015,6756,6432,324,4.8
42023,2069,1745,324,15.7
29173,5674,5350,324,5.7
45065,3479,3154,325,9.3
28155,3747,3422,325,8.7
26131,2179,1853,326,15
5011,4329,4003,326,7.5
48425,4277,3950,327,7.6
48043,4112,3785,327,8
29115,5103,4776,327,6.4
54093,3128,2800,328,10.5
29017,5141,4813,328,6.4
4011,4610,4282,328,7.1
40061,4089,3760,329,8
29149,4130,3801,329,8
27031,3123,2793,330,10.6
21001,6598,6265,333,5
20205,4141,3808,333,8
18007,4302,3969,333,7.7
8055,2388,2055,333,13.9
51580,2461,2127,334,13.6
19035,5911,5577,334,5.7
16073,6081,5747,334,5.5
8109,3404,3070,334,9.8
27089,5296,4961,335,6.3
37187,4234,3897,337,8
22125,5003,4666,337,6.7
55091,4147,3809,338,8.2
21003,8128,7790,338,4.2
19107,5049,4711,338,6.7
12047,4192,3854,338,8.1
72037,3592,3253,339,9.4
18171,4071,3732,339,8.3
13027,6587,6248,339,5.1
54101,3067,2727,340,11.1
51036,3633,3293,340,9.4
8091,2753,2413,340,12.4
1029,5599,5259,340,6.1
13221,6526,6184,342,5.2
40149,4919,4575,344,7
22065,3348,3004,344,10.3
48093,5362,5017,345,6.4
5061,5362,5017,345,6.4
30085,4410,4064,346,7.8
51595,2414,2067,347,14.4
51111,5123,4776,347,6.8
19037,6224,5877,347,5.6
12065,5109,4762,347,6.8
40139,11369,11021,348,3.1
29223,5029,4681,348,6.9
54073,2867,2518,349,12.2
17155,3199,2850,349,10.9
31145,6171,5821,350,5.7
29065,6306,5956,350,5.6
28097,3784,3434,350,9.2
40035,5619,5267,352,6.3
31041,6824,6472,352,5.2
21017,9531,9179,352,3.7
13159,6499,6147,352,5.4
56035,4217,3864,353,8.4
29139,5798,5445,353,6.1
29133,5834,5481,353,6.1
22127,4519,4166,353,7.8
51119,5311,4957,354,6.7
21153,3035,2681,354,11.7
5049,4914,4560,354,7.2
51735,6214,5858,356,5.7
35051,3858,3502,356,9.2
13083,7778,7422,356,4.6
21161,6625,6268,357,5.4
12043,4785,4428,357,7.5
54095,2913,2555,358,12.3
46033,4051,3693,358,8.8
30021,4476,4118,358,8
13075,7824,7466,358,4.6
19029,6516,6157,359,5.5
21207,6004,5644,360,6
13017,5194,4834,360,6.9
54013,2139,1778,361,16.9
30043,5664,5303,361,6.4
18101,5455,5094,361,6.6
13093,4946,4584,362,7.3
55078,1811,1448,363,20
13271,3530,3167,363,10.3
12029,5277,4913,364,6.9
1075,5854,5490,364,6.2
72054,3189,2824,365,11.4
51037,5150,4785,365,7.1
48387,4836,4471,365,7.5
40005,4800,4435,365,7.6
38077,8341,7976,365,4.4
48313,4331,3965,366,8.5
51049,4554,4187,367,8.1
13191,5367,5000,367,6.8
50013,3997,3629,368,9.2
40063,5176,4806,370,7.1
27033,6134,5764,370,6
19073,5252,4882,370,7
28157,2628,2257,371,14.1
5087,7086,6715,371,5.2
20107,4388,4016,372,8.5
51081,4273,3900,373,8.7
30009,5549,5176,373,6.7
51113,7376,7002,374,5.1
35028,9264,8889,375,4
28111,4014,3639,375,9.3
48059,5920,5543,377,6.4
35007,5274,4897,377,7.1
30003,4584,4207,377,8.2
27023,6842,6465,377,5.5
22027,5413,5036,377,7
19137,4855,4477,378,7.8
55051,2661,2282,379,14.2
54085,4141,3762,379,9.2
22059,6434,6055,379,5.9
12045,5429,5050,379,7
28053,2390,2010,380,15.9
19075,6145,5765,380,6.2
46109,4908,4527,381,7.8
32013,9630,9249,381,4
19077,5268,4887,381,7.2
13183,7816,7435,381,4.9
27029,4302,3920,382,8.9
12041,6436,6054,382,5.9
30017,5901,5518,383,6.5
19115,5961,5578,383,6.4
8099,5778,5395,383,6.6
5133,5299,4915,384,7.2
46079,6662,6277,385,5.8
30089,4890,4504,386,7.9
17065,4230,3844,386,9.1
13149,5025,4639,386,7.7
47161,5202,4815,387,7.4
19141,7833,7446,387,4.9
21115,6242,5854,388,6.2
21215,9662,9273,389,4
19039,4712,4323,389,8.3
17071,3806,3417,389,10.2
72109,3981,3590,391,9.8
22123,3396,3005,391,11.5
21027,7670,7278,392,5.1
51620,3660,3267,393,10.7
29135,7300,6907,393,5.4
72001,3790,3396,394,10.4
19197,6732,6338,394,5.9
13019,7194,6800,394,5.5
47007,4093,3698,395,9.7
41049,5749,5354,395,6.9
54089,4084,3688,396,9.7
28129,6481,6085,396,6.1
48315,4059,3662,397,9.8
28063,1958,1561,397,20.3
27165,6571,6171,400,6.1
72015,4406,4005,401,9.1
30041,7333,6932,401,5.5
38093,10081,9679,402,4
51017,2834,2430,404,14.3
40023,5232,4828,404,7.7
13091,6518,6114,404,6.2
28005,4303,3897,406,9.4
51610,8338,7930,408,4.9
40095,6675,6267,408,6.1
17079,4981,4573,408,8.2
72055,3723,3314,409,11
13025,6250,5841,409,6.5
23021,7247,6837,410,5.7
29121,7524,7113,411,5.5
13267,9124,8712,412,4.5
19081,5786,5373,413,7.1
46019,5236,4822,414,7.9
22049,6340,5926,414,6.5
47169,5124,4709,415,8.1
2198,2957,2542,415,14
51133,5818,5401,417,7.2
2290,2605,2188,417,16
51183,3826,3406,420,11
13241,7030,6610,420,6
27087,2557,2136,421,16.5
27063,5901,5480,421,7.1
21155,9806,9385,421,4.3
48353,6917,6493,424,6.1
13229,8361,7937,424,5.1
16085,6263,5838,425,6.8
5017,3122,2697,425,13.6
1035,4679,4254,425,9.1
48063,4833,4407,426,8.8
46023,4030,3604,426,10.6
1063,3052,2626,426,14
48445,4711,4284,427,9.1
28077,4425,3998,427,9.6
1067,6691,6263,428,6.4
48297,5446,5017,429,7.9
40073,8606,8177,429,5
19109,8006,7577,429,5.4
40099,6178,5747,431,7
13001,9236,8805,431,4.7
5137,4570,4139,431,9.4
28135,5079,4647,432,8.5
51051,4689,4256,433,9.2
16049,6942,6509,433,6.2
28069,3476,3042,434,12.5
16081,6932,6498,434,6.3
5081,5411,4977,434,8
1023,4599,4165,434,9.4
31013,5765,5330,435,7.5
29123,5617,5182,435,7.7
28041,4184,3749,435,10.4
21133,5816,5381,435,7.5
19079,6506,6071,435,6.7
13303,6537,6102,435,6.7
12059,6516,6081,435,6.7
72059,4906,4467,439,8.9
16053,12465,12026,439,3.5
13251,4986,4547,439,8.8
6105,4498,4059,439,9.8
72039,3633,3192,441,12.1
48253,5585,5144,441,7.9
48145,6474,6033,441,6.8
31151,7733,7292,441,5.7
13163,6393,5952,441,6.9
21183,9546,9104,442,4.6
72067,5198,4755,443,8.5
40117,6924,6481,443,6.4
13133,6945,6502,443,6.4
49041,10235,9791,444,4.3
47101,4867,4423,444,9.1
46102,3545,3101,444,12.5
16067,11536,11092,444,3.8
1041,6516,6072,444,6.8
48403,3570,3125,445,12.5
72045,4720,4274,446,9.4
21013,7860,7414,446,5.7
51135,6951,6504,447,6.4
20011,6735,6288,447,6.6
19129,7093,6646,447,6.3
19085,7042,6595,447,6.3
54015,3126,2678,448,14.3
47033,6598,6150,448,6.8
16031,12358,11910,448,3.6
37015,7553,7104,449,5.9
19005,6907,6457,450,6.5
51007,6140,5689,451,7.3
5021,5411,4960,451,8.3
47087,4484,4032,452,10.1
26153,3706,3254,452,12.2
21213,8559,8107,452,5.3
35053,6200,5747,453,7.3
47039,4393,3939,454,10.3
28065,3931,3477,454,11.5
54023,5621,5165,456,8.1
48455,5101,4644,457,9
28147,4633,4176,457,9.9
21141,11847,11390,457,3.9
56007,7958,7500,458,5.8
48115,4608,4150,458,9.9
1057,6603,6145,458,6.9
13011,9504,9045,459,4.8
51043,7470,7010,460,6.2
37011,7900,7440,460,5.8
20139,7829,7369,460,5.9
48495,3916,3455,461,11.8
48341,10124,9662,462,4.6
21137,8379,7917,462,5.5
48239,7243,6777,466,6.4
38061,7430,6964,466,6.3
27159,6077,5610,467,7.7
1119,4910,4443,467,9.5
48503,7644,7176,468,6.1
29003,9560,9092,468,4.9
22013,5203,4735,468,9
72117,4470,4001,469,10.5
29013,7781,7312,469,6
20133,6224,5754,470,7.6
20001,6622,6151,471,7.1
16051,14861,14389,472,3.2
29217,9544,9071,473,5
51057,5482,5008,474,8.6
37121,6033,5558,475,7.9
28161,4553,4078,475,10.4
5041,5191,4716,475,9.2
19007,5829,5351,478,8.2
40001,7779,7299,480,6.2
29181,5100,4620,480,9.4
13321,8333,7853,480,5.8
19023,7479,6998,481,6.4
16079,5172,4690,482,9.3
51103,5616,5133,483,8.6
19063,5185,4702,483,9.3
12079,6963,6480,483,6.9
19041,8170,7686,484,5.9
13131,9969,9485,484,4.9
54063,5662,5177,485,8.6
21167,9111,8626,485,5.3
40065,10333,9847,486,4.7
18115,3335,2849,486,14.6
8105,5008,4521,487,9.7
48285,7925,7437,488,6.2
54075,3989,3499,490,12.3
31131,8740,8250,490,5.6
28013,5653,5163,490,8.7
48287,9506,9014,492,5.2
49007,8911,8418,493,5.5
21217,11294,10801,493,4.4
29053,7358,6862,496,6.7
48035,7968,7471,497,6.2
48299,8272,7772,500,6
48127,7037,6537,500,7.1
17035,6049,5549,500,8.3
16045,8583,8083,500,5.8
1105,3541,3040,501,14.1
19083,7568,7066,502,6.6
30083,5752,5249,503,8.7
27071,5761,5258,503,8.7
27127,7739,7234,505,6.5
21239,14502,13997,505,3.5
26135,3207,2700,507,15.8
48255,7115,6607,508,7.1
21005,11672,11163,509,4.4
51011,6986,6476,510,7.3
5141,5617,5106,511,9.1
21085,10736,10224,512,4.8
13291,10018,9506,512,5.1
48395,7405,6892,513,6.9
72133,7868,7353,515,6.5
48289,6064,5549,515,8.5
35057,5225,4710,515,9.9
13087,11038,10523,515,4.7
5001,9094,8579,515,5.7
39121,4770,4253,517,10.8
35041,7831,7314,517,6.6
31185,7856,7339,517,6.6
40091,6929,6411,518,7.5
19189,5125,4607,518,10.1
53051,4764,4245,519,10.9
5149,8113,7594,519,6.4
72121,5633,5113,520,9.2
72009,6031,5511,520,8.6
5067,5457,4937,520,9.5
51063,7667,7146,521,6.8
54031,5665,5143,522,9.2
37131,7362,6840,522,7.1
21193,7558,7035,523,6.9
2220,4460,3937,523,11.7
48281,8811,8286,525,6
27043,7030,6505,525,7.5
5037,7168,6643,525,7.3
18025,4924,4398,526,10.7
21205,9600,9073,527,5.5
27055,10179,9651,528,5.2
17087,4156,3628,528,12.7
13231,8408,7880,528,6.3
72111,5466,4937,529,9.7
72079,4933,4403,530,10.7
2261,5171,4641,530,10.2
27143,8543,8012,531,6.2
19047,7708,7177,531,6.9
17123,5018,4487,531,10.6
5065,4808,4277,531,11
29186,9082,8549,533,5.9
20041,9038,8505,533,5.9
20175,9413,8878,535,5.7
47181,5842,5306,536,9.2
37079,9084,8547,537,5.9
21095,5959,5422,537,9
51141,7221,6683,538,7.5
47121,5022,4484,538,10.7
27113,8472,7934,538,6.4
13205,8062,7524,538,6.7
2188,2861,2323,538,18.8
49039,13024,12485,539,4.1
29059,7068,6529,539,7.6
17061,6098,5558,540,8.9
72141,6198,5657,541,8.7
51131,5531,4989,542,9.8
5135,5686,5144,542,9.5
29163,7569,7023,546,7.2
28023,5565,5019,546,9.8
13211,8716,8170,546,6.3
48507,3225,2678,547,17
46065,10387,9840,547,5.3
51077,8115,7567,548,6.8
45081,8820,8272,548,6.2
55107,6721,6172,549,8.2
48377,3200,2651,549,17.2
46027,7123,6574,549,7.7
37149,8772,8223,549,6.3
21081,11237,10688,549,4.9
55099,6488,5936,552,8.5
17139,7642,7090,552,7.2
13111,12109,11556,553,4.6
5047,7308,6755,553,7.6
17129,6296,5741,555,8.8
29157,9833,9277,556,5.7
27129,8511,7955,556,6.5
12123,7786,7230,556,7.1
5089,6510,5954,556,8.5
48051,8122,7565,557,6.9
47153,6061,5504,557,9.2
19175,6107,5550,557,9.1
54007,4753,4195,558,11.7
53059,5392,4834,558,10.3
28021,3001,2443,558,18.6
51175,8879,8319,560,6.3
13171,7778,7218,560,7.2
48225,9631,9069,562,5.8
28103,3834,3272,562,14.7
26071,5704,5140,564,9.9
26001,4090,3525,565,13.8
18125,6203,5637,566,9.1
16039,12066,11500,566,4.7
1131,3058,2492,566,18.5
5121,7247,6680,567,7.8
19171,8998,8430,568,6.3
47015,6289,5720,569,9
5075,6774,6205,569,8.4
19055,9987,9417,570,5.7
49019,6875,6303,572,8.3
48177,9135,8563,572,6.3
48501,3912,3336,576,14.7
37199,7997,7421,576,7.2
29143,8570,7994,576,6.7
55065,10119,9540,579,5.7
47049,7192,6613,579,8.1
29215,8958,8379,579,6.5
17149,7151,6572,579,8.1
13107,7935,7356,579,7.3
32001,12919,12339,580,4.5
28141,8038,7458,580,7.2
20085,7249,6669,580,8
29147,11337,10756,581,5.1
30035,5946,5363,583,9.8
22085,8610,8027,583,6.8
17017,6212,5629,583,9.4
5053,8018,7435,583,7.3
48133,7451,6867,584,7.8
47129,7497,6913,584,7.8
21157,14383,13799,584,4.1
45017,6731,6146,585,8.7
21177,9848,9263,585,5.9
21163,11702,11117,585,5
55103,9248,8662,586,6.3
51125,7497,6911,586,7.8
28131,6530,5944,586,9
48149,11324,10737,587,5.2
48089,9345,8758,587,6.3
46005,9950,9363,587,5.9
20087,9970,9383,587,5.9
17053,6182,5595,587,9.5
51169,8826,8238,588,6.7
51025,5910,5322,588,9.9
8081,6584,5996,588,8.9
2150,5603,5015,588,10.5
29155,6546,5955,591,9
20005,7122,6531,591,8.3
72107,4811,4219,592,12.3
51005,6755,6163,592,8.8
48343,4770,4177,593,12.4
19145,6396,5803,593,9.3
47091,7203,6609,594,8.2
28061,5883,5289,594,10.1
31159,9147,8552,595,6.5
26119,3174,2577,597,18.8
21121,9425,8828,597,6.3
13105,7746,7149,597,7.7
72149,6757,6159,598,8.9
19183,11421,10822,599,5.2
18121,7094,6495,599,8.4
47023,8059,7459,600,7.4
19031,10344,9744,600,5.8
49037,6397,5796,601,9.4
1061,10709,10106,603,5.6
56023,9068,8464,604,6.7
21173,11073,10469,604,5.5
19095,10163,9559,604,5.9
17185,6158,5553,605,9.8
47085,8236,7628,608,7.4
22043,7836,7228,608,7.8
53003,9752,9143,609,6.2
48351,4953,4344,609,12.3
48161,6139,5530,609,9.9
21021,11288,10679,609,5.4
72089,6046,5436,610,10.1
46127,8583,7973,610,7.1
27075,5545,4935,610,11
40133,9067,8456,611,6.7
51029,6418,5805,613,9.6
72103,7799,7185,614,7.9
47139,7408,6793,615,8.3
40153,8522,7907,615,7.2
51071,7362,6746,616,8.4
54047,4352,3735,617,14.2
45049,8643,8024,619,7.2
45009,5162,4543,619,12
29119,10621,10002,619,5.8
48371,6169,5549,620,10.1
13123,10953,10333,620,5.7
55011,6614,5992,622,9.4
48163,9959,9337,622,6.2
29195,11003,10381,622,5.7
21083,14810,14188,622,4.2
37117,8556,7932,624,7.3
12133,8915,8291,624,7
1133,10315,9691,624,6
22037,7518,6893,625,8.3
1111,9672,9047,625,6.5
72115,6043,5417,626,10.4
48415,6455,5829,626,9.7
29067,5348,4722,626,11.7
16065,21920,21294,626,2.9
55129,7877,7249,628,8
48165,9416,8788,628,6.7
37173,7835,7207,628,8
22091,4260,3632,628,14.7
72007,6347,5717,630,9.9
31177,11299,10666,633,5.6
26085,4151,3518,633,15.2
47005,6554,5920,634,9.7
17193,6542,5908,634,9.7
16075,11884,11250,634,5.3
1091,7784,7150,634,8.1
19067,8227,7592,635,7.7
2158,2593,1957,636,24.5
1085,3765,3129,636,16.9
48123,9530,8893,637,6.7
47061,4865,4227,638,13.1
31155,11221,10583,638,5.7
53001,9944,9305,639,6.4
48019,9753,9114,639,6.6
37091,9157,8518,639,7
5057,9476,8837,639,6.7
54065,7705,7064,641,8.3
29073,7864,7223,641,8.2
28007,6738,6097,641,9.5
39163,5685,5043,642,11.3
21043,9251,8609,642,6.9
55077,7703,7060,643,8.3
47173,7316,6673,643,8.8
13237,7937,7294,643,8.1
17101,5913,5269,644,10.9
29015,7334,6689,645,8.8
29229,7685,7039,646,8.4
1107,7613,6967,646,8.5
19059,9290,8643,647,7
2180,4045,3398,647,16
48505,4784,4136,648,13.5
5113,7817,7169,648,8.3
51101,9000,8351,649,7.2
26003,3346,2697,649,19.4
17147,8100,7451,649,8
19043,9455,8802,653,6.9
8089,7519,6866,653,8.7
5043,7534,6881,653,8.7
72017,5685,5031,654,11.5
51105,8114,7460,654,8.1
19157,9175,8521,654,7.1
13305,10830,10175,655,6
55113,7626,6970,656,8.6
17189,9154,8498,656,7.2
5029,8081,7425,656,8.1
18009,5009,4352,657,13.1
13147,10757,10099,658,6.1
12049,7761,7102,659,8.5
55023,7605,6945,660,8.7
17039,6989,6329,660,9.4
13169,12708,12048,660,5.2
27001,7247,6586,661,9.1
13085,11574,10913,661,5.7
72123,6594,5931,663,10.1
26013,3348,2684,664,19.8
22029,6792,6128,664,9.8
19027,10572,9906,666,6.3
19019,10611,9942,669,6.3
13119,9805,9136,669,6.8
48293,8354,7683,671,8
28031,7673,7001,672,8.8
27065,8936,8263,673,7.5
20021,10164,9491,673,6.6
72011,8546,7872,674,7.9
29001,10256,9582,674,6.6
21235,12962,12287,675,5.2
55119,10954,10276,678,6.2
47171,6786,6108,678,10
17159,7320,6641,679,9.3
37185,6738,6058,680,10.1
22041,7081,6401,680,9.6
20099,10051,9371,680,6.8
12003,11073,10392,681,6.2
48131,4960,4276,684,13.8
19121,8151,7467,684,8.4
13081,9520,8836,684,7.2
49013,8359,7674,685,8.2
31067,11479,10793,686,6
56009,9353,8666,687,7.3
27105,11527,10840,687,6
26053,6478,5791,687,10.6
1019,11754,11067,687,5.8
20057,17128,16440,688,4
8071,6094,5406,688,11.3
20149,11018,10329,689,6.3
17125,6377,5686,691,10.8
54091,7301,6609,692,9.5
48337,9057,8361,696,7.7
29049,10615,9919,696,6.6
28139,8710,8014,696,8
4012,8725,8029,696,8
12007,10246,9549,697,6.8
54001,6735,6037,698,10.4
13033,8692,7994,698,8
8065,5056,4358,698,13.8
22083,7786,7087,699,9
18131,6721,6020,701,10.4
45061,6912,6208,704,10.2
21071,10154,9450,704,6.9
48475,7805,7100,705,9
47159,8920,8215,705,7.9
37115,9555,8850,705,7.4
48233,8277,7571,706,8.5
40015,11414,10707,707,6.2
54103,6161,5453,708,11.5
47133,9607,8899,708,7.4
20113,17454,16746,708,4.1
20051,17186,16478,708,4.1
37009,12697,11985,712,5.6
51193,9457,8744,713,7.5
37033,9458,8744,714,7.5
19021,11451,10737,714,6.2
72087,8179,7464,715,8.7
51027,6569,5854,715,10.9
13207,12122,11407,715,5.9
48171,12818,12101,717,5.6
13195,12549,11831,718,5.7
51750,7984,7265,719,9
51075,10945,10226,719,6.6
20009,13959,13240,719,5.2
72019,7056,6335,721,10.2
55061,10928,10207,721,6.6
38079,4701,3979,722,15.4
27093,13223,12501,722,5.5
24029,9573,8851,722,7.5
72033,7791,7068,723,9.3
18165,6834,6111,723,10.6
54087,4876,4151,725,14.9
54027,10355,9630,725,7
46035,11397,10672,725,6.4
39111,5364,4638,726,13.5
27161,9173,8447,726,7.9
18111,6998,6271,727,10.4
26097,4864,4136,728,15
19167,19354,18626,728,3.8
8003,7997,7269,728,9.1
5111,9967,9239,728,7.3
5107,6162,5434,728,11.8
37123,11044,10313,731,6.6
1065,6154,5421,733,11.9
1007,8568,7835,733,8.6
42093,8935,8199,736,8.2
41001,6974,6238,736,10.6
17067,8486,7750,736,8.7
51520,7219,6482,737,10.2
29175,10317,9580,737,7.1
13035,10236,9499,737,7.2
27091,10188,9448,740,7.3
19065,9825,9085,740,7.5
27045,11817,11076,741,6.3
8075,9758,9017,741,7.6
39115,6707,5965,742,11.1
19149,14050,13307,743,5.3
26141,5136,4390,746,14.5
22111,8750,8004,746,8.5
21035,17779,17032,747,4.2
17015,7727,6980,747,9.7
5103,9530,8783,747,7.8
45011,8239,7491,748,9.1
55047,9413,8663,750,8
17187,8481,7731,750,8.8
51163,10887,10135,752,6.9
48389,12013,11261,752,6.3
48057,11738,10986,752,6.4
53055,7573,6818,755,10
28079,7922,7167,755,9.5
30067,9581,8824,757,7.9
55067,9425,8666,759,8.1
48331,9271,8510,761,8.2
48179,7888,7126,762,9.7
28153,7380,6618,762,10.3
19087,9559,8797,762,8
28091,9219,8456,763,8.3
17025,6308,5545,763,12.1
27135,8113,7348,765,9.4
13257,10534,9769,765,7.3
13189,8476,7711,765,9
17191,7228,6462,766,10.6
19017,13178,12410,768,5.8
13177,13838,13070,768,5.5
5027,9144,8376,768,8.4
72151,8164,7395,769,9.4
72081,6431,5662,769,12
13225,11082,10313,769,6.9
40009,9342,8572,770,8.2
5123,7985,7215,770,9.6
46135,12351,11579,772,6.3
45037,10887,10115,772,7.1
72027,9474,8700,774,8.2
5083,8205,7430,775,9.4
55007,7465,6689,776,10.4
51099,12884,12108,776,6
28057,9833,9055,778,7.9
19191,9814,9036,778,7.9
28127,10126,9344,782,7.7
1129,6966,6184,782,11.2
28159,7117,6334,783,11
28043,8950,8167,783,8.7
21049,16326,15543,783,4.8
29131,12218,11433,785,6.4
72125,9247,8461,786,8.5
31047,13902,13116,786,5.7
29141,8313,7526,787,9.5
5019,9498,8711,787,8.3
51830,6820,6032,788,11.6
27057,9853,9065,788,8
54109,6147,5358,789,12.8
51079,10456,9667,789,7.5
1005,8851,8062,789,8.9
56041,9296,8506,790,8.5
27083,14480,13689,791,5.5
12129,13496,12705,791,5.9
47081,10716,9924,792,7.4
40049,12014,11221,793,6.6
55013,7121,6327,794,11.2
48457,6933,6138,795,11.5
40115,13881,13082,799,5.8
29177,10853,10054,799,7.4
28101,8306,7506,800,9.6
18045,8019,7219,800,10
13311,16269,15468,801,4.9
18155,5298,4496,802,15.1
48463,10836,10033,803,7.4
42105,6961,6157,804,11.6
23029,13635,12831,804,5.9
5071,9919,9114,805,8.1
37007,10252,9446,806,7.9
39067,6878,6071,807,11.7
17045,8756,7949,807,9.2
13143,11889,11080,809,6.8
51570,8735,7925,810,9.3
19105,10132,9322,810,8
31043,10925,10113,812,7.4
54041,6237,5424,813,13
47109,8088,7275,813,10.1
24039,8990,8176,814,9.1
1099,7703,6888,815,10.6
17023,7591,6775,816,10.7
8007,7260,6443,817,11.3
17033,8573,7755,818,9.5
28143,4680,3861,819,17.5
12027,13872,13048,824,5.9
8019,6391,5567,824,12.9
54043,7333,6505,828,11.3
51127,12186,11358,828,6.8
39125,8715,7886,829,9.5
1059,14509,13680,829,5.7
48007,9083,8253,830,9.1
21089,13049,12218,831,6.4
72101,7745,6912,833,10.8
47151,8023,7190,833,10.4
30053,8181,7348,833,10.2
5003,7327,6494,833,11.4
51690,5852,5018,834,14.3
47057,9191,8357,834,9.1
55041,4519,3683,836,18.5
55003,7855,7019,836,10.6
27153,13774,12938,836,6.1
17005,7750,6914,836,10.8
13219,18305,17469,836,4.6
40081,15266,14428,838,5.5
6035,8850,8011,839,9.5
29083,9913,9071,842,8.5
51147,10256,9413,843,8.2
5023,8939,8092,847,9.5
47041,7330,6482,848,11.6
18153,8233,7385,848,10.3
1093,13157,12309,848,6.4
28117,10647,9798,849,8
17181,7511,6662,849,11.3
28123,12251,11400,851,6.9
13279,11714,10863,851,7.3
13227,14399,13548,851,5.9
37053,13403,12550,853,6.4
47071,10018,9163,855,8.5
29207,13295,12440,855,6.4
8047,4345,3489,856,19.7
72057,10490,9632,858,8.2
28039,8552,7694,858,10
22075,9300,8442,858,9.2
13293,11071,10213,858,7.7
28017,6762,5903,859,12.7
40089,14239,13379,860,6
48489,6602,5741,861,13
18015,9760,8899,861,8.8
17131,8109,7247,862,10.6
55125,9596,8730,866,9
17041,10213,9345,868,8.5
29127,14521,13652,869,6
27015,14452,13582,870,6
47069,9139,8268,871,9.5
19123,11613,10742,871,7.5
19015,14115,13243,872,6.2
48365,9678,8805,873,9
55137,11606,10731,875,7.5
35047,10698,9823,875,8.2
1025,7797,6922,875,11.2
48419,10673,9797,876,8.2
35027,8900,8024,876,9.8
37039,11295,10417,878,7.8
27039,12175,11297,878,7.2
18013,8005,7127,878,11
22031,10343,9464,879,8.5
18075,9330,8451,879,9.4
16011,24192,23313,879,3.6
72043,9371,8491,880,9.4
37175,14691,13810,881,6
35006,9048,8166,882,9.7
18119,9416,8534,882,9.4
40039,15116,14233,883,5.8
13299,15061,14178,883,5.9
28133,7720,6834,886,11.5
27157,12677,11791,886,7
47075,7513,6625,888,11.8
53039,10268,9379,889,8.7
20055,20916,20026,890,4.3
72085,10789,9897,892,8.3
72051,12919,12023,896,6.9
48147,16979,16083,896,5.3
19011,12720,11824,896,7
72129,11117,10220,897,8.1
18139,9122,8225,897,9.8
17127,5621,4724,897,16
6027,8291,7390,901,10.9
29007,10826,9922,904,8.4
18147,11586,10682,904,7.8
26039,5814,4908,906,15.6
18159,9376,8468,908,9.7
29167,14439,13529,910,6.3
13261,12891,11980,911,7.1
22077,9360,8448,912,9.7
29055,11024,10107,917,8.3
13199,8693,7773,920,10.6
47111,10792,9871,921,8.5
5015,12481,11560,921,7.4
21009,17113,16191,922,5.4
41045,12733,11809,924,7.3
36097,8374,7448,926,11.1
21211,24311,23382,929,3.8
40041,17538,16608,930,5.3
38059,16458,15527,931,5.7
13145,15510,14578,932,6
51145,13806,12871,935,6.8
72105,7088,6151,937,13.2
72041,14876,13939,937,6.3
56033,16246,15309,937,5.8
22003,8604,7667,937,10.9
1079,13704,12767,937,6.8
51167,11082,10144,938,8.5
29221,10315,9377,938,9.1
20111,17073,16132,941,5.5
72091,11059,10115,944,8.5
51685,9565,8621,944,9.9
13187,15644,14700,944,6
6063,6784,5839,945,13.9
48189,11416,10470,946,8.3
72071,11268,10320,948,8.4
21107,16518,15570,948,5.7
72153,9076,8125,951,10.5
55001,8202,7251,951,11.6
54005,7488,6536,952,12.7
48477,14645,13691,954,6.5
38053,10206,9251,955,9.4
19101,10218,9263,955,9.3
23015,17097,16136,961,5.6
18027,16745,15784,961,5.7
47131,11982,11020,962,8
51775,12432,11467,965,7.8
20059,14439,13474,965,6.7
8093,11266,10300,966,8.6
8015,10565,9599,966,9.1
72143,9506,8538,968,10.2
31025,13738,12770,968,7
18047,11496,10528,968,8.4
13071,21005,20037,968,4.6
56029,15289,14320,969,6.3
48223,16635,15666,969,5.8
36123,11412,10442,970,8.5
26113,7702,6732,970,12.6
16057,19065,18095,970,5.1
19097,10621,9648,973,9.2
29069,11713,10739,974,8.3
54053,9656,8681,975,10.1
45053,13349,12373,976,7.3
29107,16568,15590,978,5.9
17173,10775,9794,981,9.1
72099,10074,9092,982,9.7
26011,6542,5559,983,15
48003,9881,8897,984,10
51820,11201,10216,985,8.8
30047,13595,12610,985,7.2
18123,9378,8392,986,10.5
48185,10937,9949,988,9
56001,22056,21067,989,4.5
45001,10440,9448,992,9.5
1039,15572,14580,992,6.4
40135,15570,14576,994,6.4
16069,19945,18951,994,5
40097,18546,17549,997,5.4
2130,6959,5962,997,14.3
51023,16483,15483,1000,6.1
55049,13420,12419,1001,7.5
28029,10633,9631,1002,9.4
48015,13616,12613,1003,7.4
72063,17391,16385,1006,5.8
48407,11358,10344,1014,8.9
72047,8734,7716,1018,11.7
54009,9847,8829,1018,10.3
47025,12372,11352,1020,8.2
47185,11710,10689,1021,8.7
1013,9483,8462,1021,10.8
48449,12583,11554,1029,8.2
72065,12931,11901,1030,8
23007,13892,12862,1030,7.4
22007,8746,7715,1031,11.8
55123,15413,14379,1034,6.7
40111,14672,13638,1034,7
22093,8639,7605,1034,12
31141,18525,17490,1035,5.6
18129,13779,12743,1036,7.5
13277,19562,18524,1038,5.3
53049,8494,7454,1040,12.2
42067,11985,10945,1040,8.7
26109,11543,10502,1041,9
72077,11788,10746,1042,8.8
37113,15692,14650,1042,6.6
29169,14648,13605,1043,7.1
47017,11298,10253,1045,9.2
39105,8988,7943,1045,11.6
20061,11393,10348,1045,9.2
51065,13830,12784,1046,7.6
13055,9934,8888,1046,10.5
39175,13520,12473,1047,7.7
36049,11371,10324,1047,9.2
21019,17423,16375,1048,6
17145,8381,7333,1048,12.5
28003,14892,13843,1049,7
55069,14940,13890,1050,7
21101,21922,20872,1050,4.8
1087,8142,7091,1051,12.9
48219,10976,9922,1054,9.6
1109,15696,14641,1055,6.7
17051,10108,9052,1056,10.4
21113,25093,24036,1057,4.2
8039,14963,13905,1058,7.1
39075,20981,19922,1059,5
20121,17274,16214,1060,6.1
37017,14964,13903,1061,7.1
48067,12106,11044,1062,8.8
51009,14687,13624,1063,7.2
21179,22828,21765,1063,4.7
45033,13523,12457,1066,7.9
23023,19748,18681,1067,5.4
45039,9959,8891,1068,10.7
18049,10153,9085,1068,10.5
31001,17787,16718,1069,6
72131,9661,8591,1070,11.1
22011,13990,12918,1072,7.7
51117,12404,11331,1073,8.7
13275,16252,15179,1073,6.6
72075,14672,13598,1074,7.3
28137,11643,10569,1074,9.2
13039,19944,18870,1074,5.4
5009,15712,14634,1078,6.9
8113,6298,5219,1079,17.1
22067,9508,8427,1081,11.4
5059,13685,12603,1082,7.9
21209,27573,26490,1083,3.9
20079,16665,15582,1083,6.5
48363,13256,12172,1084,8.2
72053,10599,9512,1087,10.3
28145,13385,12294,1091,8.2
55019,17921,16828,1093,6.1
51600,13489,12395,1094,8.1
72003,11540,10445,1095,9.5
13069,18541,17444,1097,5.9
51790,12827,11726,1101,8.6
48049,14764,13662,1102,7.5
47097,9476,8373,1103,11.6
18135,11284,10181,1103,9.8
12063,15601,14497,1104,7.1
72035,15637,14531,1106,7.1
24011,17207,16101,1106,6.4
40021,18182,17068,1114,6.1
31053,20793,19679,1114,5.4
54067,8845,7730,1115,12.6
23027,20401,19284,1117,5.5
47183,14360,13242,1118,7.8
46093,14431,13313,1118,7.7
22039,11312,10190,1122,9.9
6043,7868,6746,1122,14.3
54057,11937,10812,1125,9.4
51053,13505,12379,1126,8.3
12093,16015,14889,1126,7
28025,7749,6622,1127,14.5
16013,13266,12137,1129,8.5
13029,17253,16123,1130,6.5
27119,16576,15440,1136,6.9
26019,9570,8433,1137,11.9
21125,23294,22157,1137,4.9
17075,14641,13501,1140,7.8
50017,16130,14988,1142,7.1
47115,12222,11080,1142,9.3
31119,20850,19708,1142,5.5
41015,8791,7648,1143,13
21185,31514,30369,1145,3.6
13213,14687,13542,1145,7.8
40013,20760,19614,1146,5.5
19125,17753,16606,1147,6.5
18181,13901,12754,1147,8.3
48025,9837,8689,1148,11.7
20191,11124,9976,1148,10.3
54097,8787,7635,1152,13.1
21073,24535,23383,1152,4.7
28163,9419,8266,1153,12.2
24023,14952,13797,1155,7.7
40123,18566,17406,1160,6.2
27097,17574,16414,1160,6.6
18021,11849,10689,1160,9.8
28051,5737,4576,1161,20.2
6015,9300,8139,1161,12.5
22053,12580,11418,1162,9.2
21195,17376,16214,1162,6.7
72023,13292,12129,1163,8.7
13137,18449,17284,1165,6.3
29161,19573,18407,1166,6
12075,15478,14312,1166,7.5
28011,11862,10695,1167,9.8
2050,7476,6306,1170,15.7
28085,13809,12638,1171,8.5
39001,10960,9788,1172,10.7
54059,6380,5205,1175,18.4
48217,15963,14788,1175,7.4
8083,11537,10362,1175,10.2
31157,18970,17794,1176,6.2
51139,12260,11083,1177,9.6
46029,15949,14770,1179,7.4
51173,13513,12330,1183,8.8
51840,14446,13257,1189,8.2
45027,13147,11958,1189,9
37139,16322,15132,1190,7.3
35017,12426,11232,1194,9.6
22121,12992,11797,1195,9.2
41061,11492,10296,1196,10.4
28027,8475,7278,1197,14.1
1053,14892,13695,1197,8
35009,21343,20144,1199,5.6
27079,16007,14807,1200,7.5
55029,13983,12781,1202,8.6
12121,17105,15902,1203,7
18179,14268,13064,1204,8.4
27095,12904,11699,1205,9.3
17107,12413,11208,1205,9.7
17085,11031,9826,1205,10.9
53075,19846,18639,1207,6.1
47079,13514,12305,1209,8.9
28083,9627,8416,1211,12.6
48053,22395,21183,1212,5.4
24019,15058,13843,1215,8.1
41031,10136,8916,1220,12
23013,20299,19079,1220,6
27041,21102,19881,1221,5.8
39073,12865,11642,1223,9.5
29225,17262,16038,1224,7.1
51195,13018,11792,1226,9.4
39069,13020,11794,1226,9.4
39053,12725,11499,1226,9.6
22119,13865,12638,1227,8.8
37013,18599,17369,1230,6.6
40121,16364,15133,1231,7.5
54035,12419,11187,1232,9.9
28115,13903,12671,1232,8.9
40083,21505,20271,1234,5.7
22115,14936,13701,1235,8.3
25019,9062,7821,1241,13.7
29027,21042,19797,1245,5.9
29023,17946,16700,1246,6.9
18055,13599,12353,1246,9.2
40113,19398,18151,1247,6.4
26129,8725,7478,1247,14.3
31111,19474,18224,1250,6.4
5063,16411,15160,1251,7.6
51093,19045,17790,1255,6.6
47013,14172,12914,1258,8.9
17083,10920,9661,1259,11.5
48259,21397,20137,1260,5.9
47077,11862,10601,1261,10.6
13233,17857,16595,1262,7.1
8051,11684,10421,1263,10.8
26089,11434,10169,1265,11.1
8087,14754,13489,1265,8.6
27047,16529,15262,1267,7.7
48273,13189,11921,1268,9.6
72005,13974,12701,1273,9.1
37003,16560,15284,1276,7.7
40087,19399,18122,1277,6.6
45071,19178,17899,1279,6.7
29201,19628,18349,1279,6.5
51149,14819,13538,1281,8.6
24041,18086,16804,1282,7.1
20037,19228,17945,1283,6.7
40079,18325,17041,1284,7
40071,17384,16100,1284,7.4
49021,24065,22779,1286,5.3
1031,21474,20186,1288,6
51137,17521,16229,1292,7.4
22069,15194,13899,1295,8.5
46081,14162,12866,1296,9.2
13175,18926,17628,1298,6.9
48499,17091,15792,1299,7.6
26043,13746,12446,1300,9.5
18149,10303,9003,1300,12.6
72069,16361,15060,1301,8
28093,13505,12204,1301,9.6
8049,9885,8584,1301,13.2
1021,19322,18020,1302,6.7
29219,17500,16197,1303,7.4
37197,16753,15449,1304,7.8
41013,9885,8580,1305,13.2
51083,15591,14284,1307,8.4
30081,20417,19109,1308,6.4
48227,13968,12658,1310,9.4
21047,24512,23201,1311,5.3
21199,25314,24002,1312,5.2
42057,8317,7003,1314,15.8
28001,10586,9272,1314,12.4
37061,24193,22877,1316,5.4
4009,14850,13532,1318,8.9
26143,8201,6878,1323,16.1
37145,17177,15852,1325,7.7
39131,11075,9748,1327,12
54025,15282,13953,1329,8.7
35039,16183,14850,1333,8.2
1045,20503,19169,1334,6.5
46011,19025,17688,1337,7
36095,14380,13043,1337,9.3
27085,19182,17845,1337,7
8029,13940,12600,1340,9.6
51035,13646,12303,1343,9.8
26079,8825,7480,1345,15.2
55057,13852,12506,1346,9.7
55045,20262,18916,1346,6.6
51197,13582,12236,1346,9.9
48143,19968,18621,1347,6.7
29091,16628,15281,1347,8.1
22009,14592,13239,1353,9.3
18001,17102,15749,1353,7.9
32007,32305,30951,1354,4.2
13009,17393,16039,1354,7.8
20125,15205,13850,1355,8.9
54083,11522,10165,1357,11.8
17165,9848,8491,1357,13.8
39047,14039,12680,1359,9.7
72029,15806,14446,1360,8.6
51033,15108,13747,1361,9
37165,11789,10428,1361,11.5
49047,14731,13366,1365,9.3
12039,17910,16544,1366,7.6
53031,12921,11551,1370,10.6
39137,18951,17580,1371,7.2
18143,10707,9335,1372,12.8
56039,14737,13364,1373,9.3
51001,16905,15531,1374,8.1
49051,17148,15774,1374,8
45089,12654,11279,1375,10.9
27115,14985,13609,1376,9.2
1009,24426,23044,1382,5.7
51630,14198,12815,1383,9.7
47143,12853,11470,1383,10.8
18041,8889,7505,1384,15.6
17109,12357,10972,1385,11.2
45069,9911,8523,1388,14
40137,18005,16614,1391,7.7
17157,14141,12750,1391,9.8
50005,15162,13768,1394,9.2
30093,17201,15804,1397,8.1
28099,10463,9064,1399,13.4
27067,24232,22831,1401,5.8
21145,26561,25158,1403,5.3
41027,14047,12642,1405,10
54077,15135,13728,1407,9.3
40147,21200,19793,1407,6.6
19111,15858,14451,1407,8.9
51109,19978,18569,1409,7.1
55121,16194,14778,1416,8.7
48265,21364,19948,1416,6.6
29029,18444,17028,1416,7.7
37169,20383,18966,1417,7
48055,19148,17730,1418,7.4
27103,21388,19970,1418,6.6
51073,19357,17937,1420,7.3
51670,10008,8587,1421,14.2
37111,20771,19348,1423,6.9
26133,12541,11116,1425,11.4
18169,14920,13493,1427,9.6
39079,13143,11715,1428,10.9
45029,17353,15924,1429,8.2
41057,11939,10510,1429,12
55053,10812,9381,1431,13.2
41065,15426,13991,1435,9.3
6021,11113,9675,1438,12.9
49003,27585,26143,1442,5.2
45067,13633,12188,1445,10.6
28113,13951,12503,1448,10.4
27005,19043,17595,1448,7.6
26051,10283,8832,1451,14.1
18137,14521,13070,1451,10
18079,13928,12471,1457,10.5
5005,16120,14661,1459,9.1
27099,20944,19484,1460,7
20035,16754,15294,1460,8.7
50001,21258,19797,1461,6.9
18175,13717,12256,1461,10.7
19187,18891,17428,1463,7.7
51185,15354,13888,1466,9.5
27147,21497,20029,1468,6.8
39117,16515,15042,1473,8.9
51155,15124,13649,1475,9.8
39065,14466,12990,1476,10.2
48001,22880,21400,1480,6.5
17135,11928,10448,1480,12.4
48097,19584,18097,1487,7.6
26009,10737,9250,1487,13.8
50019,13486,11998,1488,11
55085,17103,15614,1489,8.7
29209,13999,12510,1489,10.6
29009,16284,14788,1496,9.2
37059,19541,18044,1497,7.7
19099,19175,17675,1500,7.8
47055,14294,12793,1501,10.5
29109,18474,16972,1502,8.1
28107,12072,10570,1502,12.4
42131,12689,11186,1503,11.8
25007,11009,9502,1507,13.7
40019,20492,18982,1510,7.4
12051,13833,12323,1510,10.9
39019,12984,11465,1519,11.7
1017,16032,14507,1525,9.5
46013,21356,19827,1529,7.2
8119,13392,11861,1531,11.4
56013,19604,18072,1532,7.8
48459,17085,15553,1532,9
54051,13765,12231,1534,11.1
48241,12426,10892,1534,12.3
35029,11655,10115,1540,13.2
47047,18113,16564,1549,8.6
37153,16784,15231,1553,9.3
16017,21207,19652,1555,7.3
51171,22371,20813,1558,7
48325,21361,19803,1558,7.3
72145,12967,11408,1559,12
17137,16530,14970,1560,9.4
54099,15989,14427,1562,9.8
19179,17396,15834,1562,9
26007,13921,12355,1566,11.2
22061,19781,18208,1573,8
18183,17579,16006,1573,8.9
18087,20027,18448,1579,7.9
17021,14343,12763,1580,11
47045,16037,14456,1581,9.9
48481,20953,19369,1584,7.6
19127,17365,15780,1585,9.1
54029,13138,11551,1587,12.1
32023,20058,18470,1588,7.9
18077,15321,13732,1589,10.4
27021,14560,12970,1590,10.9
51187,20319,18728,1591,7.8
39097,20304,18711,1593,7.8
1123,19314,17717,1597,8.3
40047,25791,24188,1603,6.2
47021,20646,19041,1605,7.8
37163,28060,26454,1606,5.7
72119,16658,15051,1607,9.6
1071,23167,21560,1607,6.9
18023,17404,15795,1609,9.2
53065,17706,16095,1611,9.1
51047,24308,22696,1612,6.6
29101,23628,22016,1612,6.8
18107,18722,17110,1612,8.6
13129,28119,26504,1615,5.7
54045,10496,8874,1622,15.5
22047,13556,11933,1623,12
17203,17480,15854,1626,9.3
26069,11053,9423,1630,14.7
37099,20184,18546,1638,8.1
8043,15100,13459,1641,10.9
13047,32354,30712,1642,5.1
36121,17875,16232,1643,9.2
37055,19960,18316,1644,8.2
1113,22811,21167,1644,7.2
45087,12540,10894,1646,13.1
48493,24305,22654,1651,6.8
17133,18397,16745,1652,9
72139,26542,24889,1653,6.2
28095,14656,13003,1653,11.3
47103,15260,13605,1655,10.8
48349,23258,21602,1656,7.1
1001,25108,23450,1658,6.6
39127,15711,14050,1661,10.6
18037,23337,21675,1662,7.1
23009,28336,26672,1664,5.9
22117,16198,14532,1666,10.3
6051,6762,5094,1668,24.7
5055,19743,18061,1682,8.5
40051,25989,24301,1688,6.5
23025,22802,21114,1688,7.4
42031,16306,14614,1692,10.4
55083,20467,18773,1694,8.3
13295,30265,28570,1695,5.6
26101,10702,9004,1698,15.9
23003,29643,27943,1700,5.7
18031,15782,14082,1700,10.8
27017,18032,16330,1702,9.4
37093,18785,17081,1704,9.1
5139,15538,13834,1704,11
37107,27484,25777,1707,6.2
5091,19549,17842,1707,8.7
18133,17077,15367,1710,10
55005,23920,22209,1711,7.2
39031,14359,12645,1714,11.9
37181,17664,15942,1722,9.7
48373,17607,15884,1723,9.8
18083,18514,16791,1723,9.3
18073,16379,14653,1726,10.5
17027,19974,18245,1729,8.7
28045,18072,16342,1730,9.6
17103,17436,15706,1730,9.9
47145,22221,20486,1735,7.8
27059,21238,19501,1737,8.2
17011,17518,15772,1746,10
55081,23611,21862,1749,7.4
40101,28515,26766,1749,6.1
1049,31559,29801,1758,5.6
48099,23340,21581,1759,7.5
48401,21824,20061,1763,8.1
39171,19556,17792,1764,9
13103,29077,27313,1764,6.1
53047,18711,16946,1765,9.4
19033,22982,21208,1774,7.7
36099,16112,14337,1775,11
36025,19395,17619,1776,9.2
36031,16964,15186,1778,10.5
55115,21380,19598,1782,8.3
13179,25662,23877,1785,7
17057,14967,13176,1791,12
37083,19778,17980,1798,9.1
37047,22953,21155,1798,7.8
17105,16683,14884,1799,10.8
47105,22567,20764,1803,8
55015,27081,25277,1804,6.7
37077,29049,27245,1804,6.2
37141,26845,25040,1805,6.7
27009,22746,20941,1805,7.9
39039,18456,16647,1809,9.8
38089,19066,17249,1817,9.5
29105,17501,15678,1823,10.4
21029,40440,38616,1824,4.5
28109,21843,20018,1825,8.4
18051,20213,18385,1828,9
72097,20751,18920,1831,8.8
26031,10879,9047,1832,16.8
32019,25007,23171,1836,7.3
39021,20098,18260,1838,9.1
26105,14323,12484,1839,12.8
48467,25301,23460,1841,7.3
18069,18268,16425,1843,10.1
6005,14461,12618,1843,12.7
55135,25869,24025,1844,7.1
48277,23623,21777,1846,7.8
42119,18630,16784,1846,9.9
37189,29665,27819,1846,6.2
19181,26869,25021,1848,6.9
31019,29226,27377,1849,6.3
55033,23596,21743,1853,7.9
47053,21138,19285,1853,8.8
45023,14138,12281,1857,13.1
26127,12608,10750,1858,14.7
47029,14687,12825,1862,12.7
6011,10171,8308,1863,18.3
39107,23749,21884,1865,7.9
36017,22110,20243,1867,8.4
42109,19392,17522,1870,9.6
27007,24564,22694,1870,7.6
51067,25366,23495,1871,7.4
37031,31811,29940,1871,5.9
48073,20365,18491,1874,9.2
48471,23362,21485,1877,8
47099,18460,16582,1878,10.2
24035,27255,25376,1879,6.9
13157,36168,34289,1879,5.2
42115,19286,17403,1883,9.8
27169,28915,27029,1886,6.5
5033,26098,24212,1886,7.2
26137,12370,10480,1890,15.3
37167,29918,28025,1893,6.3
54019,16259,14364,1895,11.7
36073,17218,15323,1895,11
29145,27211,25314,1897,7
27111,30977,29078,1899,6.1
4007,20634,18733,1901,9.2
39071,17327,15425,1902,11
50003,18414,16511,1903,10.3
18151,21257,19353,1904,9
35055,16147,14239,1908,11.8
50015,14342,12431,1911,13.3
21059,45665,43753,1912,4.2
42035,17479,15566,1913,10.9
39135,21162,19247,1915,9
48321,16628,14709,1919,11.5
2110,16532,14609,1923,11.6
26029,13584,11660,1924,14.2
47043,25344,23418,1926,7.6
19139,21973,20047,1926,8.8
47117,15348,13414,1934,12.6
26061,16819,14879,1940,11.5
47177,15354,13408,1946,12.7
29159,21619,19673,1946,9
12023,27867,25921,1946,7
55043,27776,25824,1952,7
37193,28858,26906,1952,6.8
47123,19659,17706,1953,9.9
37037,32952,30998,1954,5.9
32005,26683,24728,1955,7.3
18103,15786,13829,1957,12.4
18017,18278,16314,1964,10.7
8097,12317,10351,1966,16
45025,22813,20846,1967,8.6
1127,24803,22835,1968,7.9
53017,22495,20522,1973,8.8
20155,30887,28912,1975,6.4
53071,30167,28191,1976,6.6
21151,41945,39968,1977,4.7
49045,34665,32687,1978,5.7
17049,19798,17820,1978,10
39059,18932,16947,1985,10.5
72135,26584,24595,1989,7.5
16005,40817,38828,1989,4.9
51031,25574,23580,1994,7.8
39161,15500,13506,1994,12.9
1047,15297,13298,1999,13.1
51683,22202,20202,2000,9
40125,31298,29294,2004,6.4
47051,19695,17687,2008,10.2
42123,18329,16321,2008,11
28151,16427,14418,2009,12.2
18117,9926,7916,2010,20.2
48473,22966,20947,2019,8.8
39027,18124,16104,2020,11.1
1033,23070,21047,2023,8.8
39015,19686,17661,2025,10.3
55075,19679,17650,2029,10.3
20169,30618,28589,2029,6.6
22001,23219,21187,2032,8.8
28149,19078,17044,2034,10.7
26035,12425,10391,2034,16.4
36003,19189,17154,2035,10.6
39051,21865,19829,2036,9.3
46083,35514,33476,2038,5.7
33007,14513,12472,2041,14.1
6093,16246,14200,2046,12.6
53037,21799,19752,2047,9.4
56037,21932,19879,2053,9.4
18061,20104,18048,2056,10.2
28067,24577,22518,2059,8.4
28073,28389,26329,2060,7.3
51191,26121,24058,2063,7.9
22113,23598,21533,2065,8.8
39159,28236,26164,2072,7.3
8085,20068,17995,2073,10.3
21037,48492,46418,2074,4.3
48071,19336,17257,2079,10.8
47019,22768,20687,2081,9.1
26033,17431,15349,2082,11.9
72061,37304,35220,2084,5.6
48221,27049,24964,2085,7.7
27027,36553,34462,2091,5.7
48347,26657,24563,2094,7.9
1043,38847,36753,2094,5.4
32510,25080,22981,2099,8.4
40037,29837,27735,2102,7
47035,22398,20293,2105,9.4
28105,21240,19134,2106,9.9
28071,25886,23780,2106,8.1
17177,22092,19984,2108,9.5
55095,24442,22330,2112,8.6
42087,20451,18337,2114,10.3
19057,19214,17100,2114,11
23017,26367,24245,2122,8
30049,35743,33619,2124,5.9
33019,22047,19922,2125,9.6
54069,20799,18672,2127,10.2
26063,17130,15003,2127,12.4
12131,30037,27909,2128,7.1
18093,21377,19248,2129,10
37069,29258,27127,2131,7.3
37105,25666,23533,2133,8.3
39037,26084,23949,2135,8.2
8107,16361,14223,2138,13.1
22099,21931,19785,2146,9.8
22101,19107,16960,2147,11.2
19045,22550,20401,2149,9.5
72013,23842,21686,2156,9
48013,21755,19596,2159,9.9
29051,38267,36102,2165,5.7
42083,16927,14758,2169,12.8
26057,19342,17173,2169,11.2
26041,18603,16433,2170,11.7
5115,28339,26168,2171,7.7
42059,16277,14102,2175,13.4
48465,22042,19860,2182,9.9
39091,22997,20814,2183,9.5
29113,27734,25544,2190,7.9
17121,17667,15477,2190,12.4
5093,17397,15207,2190,12.6
72137,28651,26455,2196,7.7
39123,20824,18625,2199,10.6
39005,26757,24544,2213,8.3
27049,27421,25207,2214,8.1
47003,20806,18583,2223,10.7
45055,29726,27502,2224,7.5
38035,37466,35240,2226,5.9
16083,42593,40366,2227,5.2
36033,20142,17912,2230,11.1
49005,65235,62990,2245,3.4
37065,20264,18008,2256,11.1
16019,60811,58555,2256,3.7
51590,19195,16924,2271,11.8
51660,24100,21826,2274,9.4
6009,20627,18353,2274,11
51015,38336,36056,2280,5.9
18065,22619,20333,2286,10.1
37171,33114,30826,2288,6.9
12107,24551,22257,2294,9.3
47107,23349,21048,2301,9.9
42099,23960,21658,2302,9.6
36023,22443,20137,2306,10.3
18033,23086,20780,2306,10
47073,22574,20267,2307,10.2
47167,26472,24164,2308,8.7
37087,28460,26150,2310,8.1
50011,27389,25075,2314,8.4
13013,38224,35909,2315,6.1
42065,19934,17612,2322,11.6
51089,24233,21908,2325,9.6
51061,36610,34285,2325,6.4
38101,31498,29170,2328,7.4
56005,24587,22255,2332,9.5
39033,18909,16574,2335,12.3
35005,27517,25182,2335,8.5
17117,22621,20286,2335,10.3
47089,24044,21703,2341,9.7
51143,29547,27200,2347,7.9
40145,35806,33449,2357,6.6
21093,46845,44486,2359,5
39129,26032,23672,2360,9.1
27061,21640,19275,2365,10.9
26165,16605,14236,2369,14.3
1051,36016,33646,2370,6.6
35015,35628,33249,2379,6.7
29187,26806,24427,2379,8.9
42117,18926,16545,2381,12.6
17081,17691,15307,2384,13.5
36039,20867,18475,2392,11.5
36107,23240,20847,2393,10.3
1095,44563,42170,2393,5.4
35035,25290,22895,2395,9.5
49043,25190,22790,2400,9.5
39011,25584,23183,2401,9.4
20161,31380,28977,2403,7.7
17055,16645,14242,2403,14.4
44001,25291,22886,2405,9.5
54055,20121,17714,2407,12
37161,24892,22483,2409,9.7
54079,27087,24677,2410,8.9
1083,42362,39949,2413,5.7
13255,27593,25175,2418,8.8
35031,24357,21934,2423,9.9
27025,29995,27562,2433,8.1
48497,31401,28962,2439,7.8
40119,37079,34636,2443,6.6
48249,17132,14681,2451,14.3
5035,21115,18656,2459,11.6
51019,37546,35076,2470,6.6
38015,50014,47540,2474,4.9
42121,21629,19154,2475,11.4
51540,26649,24171,2478,9.3
22089,23630,21145,2485,10.5
51730,13911,11419,2492,17.9
26023,20482,17990,2492,12.2
54037,29138,26643,2495,8.6
39149,24718,22216,2502,10.1
47063,27308,24802,2506,9.2
39083,31609,29096,2513,8
48199,24129,21604,2525,10.5
5085,33005,30479,2526,7.7
4023,18695,16163,2532,13.5
50025,23059,20524,2535,11
36077,27159,24624,2535,9.3
28075,28178,25641,2537,9
26047,19186,16646,2540,13.2
28087,23741,21197,2544,10.7
51199,32425,29876,2549,7.9
22087,19202,16643,2559,13.3
1115,39247,36683,2564,6.5
36035,22662,20096,2566,11.3
36057,22074,19506,2568,11.6
55021,30708,28127,2581,8.4
18011,36153,33564,2589,7.2
48203,28093,25488,2605,9.3
55093,25696,23090,2606,10.1
17095,21876,19270,2606,11.9
35061,29418,26811,2607,8.9
29031,37976,35361,2615,6.9
55017,32282,29660,2622,8.1
29021,43767,41141,2626,6
47031,25091,22463,2628,10.5
13297,43449,40807,2642,6.1
26107,19795,17148,2647,13.4
17029,23075,20426,2649,11.5
53045,25632,22966,2666,10.4
17073,25057,22389,2668,10.6
36115,27365,24685,2680,9.8
30013,38739,36056,2683,6.9
19049,46663,43972,2691,5.8
18071,23871,21176,2695,11.3
27131,37708,35011,2697,7.2
42061,19433,16733,2700,13.9
39009,27586,24883,2703,9.8
37049,39096,36388,2708,6.9
20103,36513,33804,2709,7.4
48213,35673,32963,2710,7.6
22095,18999,16288,2711,14.3
5069,27316,24596,2720,10
20015,32402,29677,2725,8.4
42127,21296,18570,2726,12.8
18099,24139,21413,2726,11.3
45073,36246,33515,2731,7.5
13031,36100,33367,2733,7.6
36043,27686,24950,2736,9.9
31079,32491,29755,2736,8.4
36021,31088,28351,2737,8.8
39101,28714,25975,2739,9.5
27035,32499,29757,2742,8.4
51165,39915,37169,2746,6.9
37023,37482,34735,2747,7.3
45043,27324,24570,2754,10.1
42009,23051,20285,2766,12
5145,33047,30265,2782,8.4
18173,33621,30838,2783,8.3
40131,42476,39690,2786,6.6
54049,24253,21465,2788,11.5
39087,24810,22016,2794,11.3
37109,41240,38445,2795,6.8
42015,27937,25139,2798,10
50023,33122,30316,2806,8.5
41009,24765,21959,2806,11.3
39147,28385,25565,2820,9.9
17141,25042,22218,2824,11.3
36037,29484,26655,2829,9.6
36051,29830,27000,2830,9.5
21015,67810,64972,2838,4.2
47001,33263,30424,2839,8.5
55031,23633,20792,2841,12
42047,15957,13115,2842,17.8
13127,34518,31656,2862,8.3
47141,33824,30961,2863,8.5
17001,32585,29715,2870,8.8
24047,25573,22701,2872,11.2
37027,33773,30899,2874,8.5
47059,28149,25261,2888,10.3
12089,39041,36153,2888,7.4
26059,21645,18753,2892,13.4
55097,38868,35966,2902,7.5
45047,32436,29527,2909,9
41007,19481,16567,2914,15
18113,24351,21431,2920,12
6103,24725,21798,2927,11.8
26151,21115,18181,2934,13.9
50027,29587,26637,2950,10
6109,20534,17584,2950,14.4
39167,28310,25356,2954,10.4
18029,26036,23079,2957,11.4
45031,32444,29480,2964,9.1
45021,27039,24058,2981,11
21227,57704,54722,2982,5.2
18145,24298,21309,2989,12.3
1121,35735,32724,3011,8.4
37195,34212,31195,3017,8.8
48021,41830,38803,3027,7.2
41059,37036,34009,3027,8.2
1077,41138,38105,3033,7.4
24001,31236,28194,3042,9.7
39077,28550,25506,3044,10.7
12119,31242,28196,3046,9.7
51121,45741,42680,3061,6.7
51069,46295,43220,3075,6.6
29043,44581,41504,3077,6.9
37125,41332,38249,3083,7.5
22045,28075,24992,3083,11
48005,34756,31671,3085,8.9
45059,31733,28648,3085,9.7
13115,44098,41013,3085,7
55141,35846,32755,3091,8.6
13313,41380,38277,3103,7.5
18109,36521,33412,3109,8.5
39143,31134,28024,3110,10
28035,31467,28356,3111,9.9
24009,49483,46358,3125,6.3
38105,24994,21861,3133,12.5
18053,31186,28009,3177,10.2
48037,39311,36132,3179,8.1
47147,36261,33079,3182,8.8
53029,34667,31483,3184,9.2
4001,19634,16448,3186,16.2
54033,33820,30630,3190,9.4
53009,29326,26129,3197,10.9
12055,34805,31601,3204,9.2
27013,41695,38488,3207,7.7
8045,33093,29886,3207,9.7
39145,29761,26549,3212,10.8
26123,24889,21670,3219,12.9
48409,29112,25886,3226,11.1
8067,31368,28135,3233,10.3
22057,40284,37042,3242,8
18177,31419,28176,3243,10.3
22097,31046,27802,3244,10.4
48231,42824,39575,3249,7.6
17077,27467,24204,3263,11.9
19169,53948,50675,3273,6.1
51161,47150,43871,3279,7
40031,46653,43367,3286,7
17195,28470,25164,3306,11.6
24037,55825,52511,3314,5.9
37191,47240,43917,3323,7
56021,50385,47052,3333,6.6
13185,49762,46428,3334,6.7
26027,25816,22469,3347,13
54081,30546,27195,3351,11
41011,26411,23051,3360,12.7
41035,29372,26008,3364,11.5
36053,31866,28499,3367,10.6
55055,46365,42993,3372,7.3
1069,44991,41619,3372,7.5
55071,41709,38306,3403,8.2
23011,62268,58862,3406,5.5
33003,23236,19827,3409,14.7
29037,53651,50237,3414,6.4
13285,38191,34742,3449,9
35025,32800,29346,3454,10.5
37157,38301,34838,3463,9
1103,55489,52025,3464,6.2
13095,36929,33450,3479,9.4
55027,47442,43960,3482,7.3
13015,48227,44729,3498,7.3
53041,34102,30587,3515,10.3
51680,36202,32676,3526,9.7
42037,33316,29789,3527,10.6
48375,52736,49179,3557,6.7
17063,25534,21976,3558,13.9
50021,31146,27575,3571,11.5
41041,21545,17972,3573,16.6
2122,26877,23280,3597,13.4
39081,28250,24644,3606,12.8
23001,53805,50191,3614,6.7
37127,40751,37130,3621,8.9
53027,29221,25587,3634,12.4
13073,70360,66721,3639,5.2
51095,37136,33487,3649,9.8
36113,31349,27699,3650,11.6
24015,51509,47859,3650,7.1
72025,46643,42989,3654,7.8
26015,33096,29442,3654,11
6033,25797,22135,3662,14.2
21117,83900,80231,3669,4.4
72113,44076,40394,3682,8.4
26157,25690,21990,3700,14.4
55111,36155,32451,3704,10.2
48469,40995,37281,3714,9.1
48397,51455,47734,3721,7.2
39013,30141,26415,3726,12.4
39141,36163,32433,3730,10.3
51085,57537,53779,3758,6.5
18059,40833,37063,3770,9.2
37045,48339,44549,3790,7.8
54107,37380,33581,3799,10.2
26067,31189,27368,3821,12.3
48381,68280,64452,3828,5.6
41053,39796,35968,3828,9.6
36011,36066,32237,3829,10.6
55089,48805,44970,3835,7.9
39063,43072,39228,3844,8.9
42005,31168,27322,3846,12.3
36019,37572,33711,3861,10.3
18085,42901,39040,3861,9
37089,51973,48101,3872,7.5
42103,24604,20728,3876,15.8
48291,33018,29140,3878,11.7
51800,44364,40465,3899,8.8
13247,43261,39362,3899,9
39119,40388,36485,3903,9.7
45085,45883,41978,3905,8.5
33001,30468,26563,3905,12.8
8117,23704,19773,3931,16.6
48323,24106,20171,3935,16.3
13113,55401,51458,3943,7.1
1055,40996,37044,3952,9.6
26149,30410,26442,3968,13
42111,32139,28168,3971,12.4
37085,51263,47285,3978,7.8
22079,53052,49052,4000,7.5
13045,52722,48722,4000,7.6
28081,39033,35026,4007,10.3
17199,31556,27542,4014,12.7
48485,53932,49914,4018,7.5
41003,47961,43923,4038,8.4
48451,51614,47574,4040,7.8
27141,52249,48207,4042,7.7
17007,26154,22111,4043,15.5
41033,36351,32290,4061,11.2
13153,65879,61816,4063,6.2
53025,48724,44657,4067,8.3
28089,50023,45937,4086,8.2
33005,38956,34867,4089,10.5
26037,41756,37654,4102,9.8
42033,35394,31289,4105,11.6
17183,33504,29399,4105,12.3
19155,47929,43823,4106,8.6
5125,56733,52627,4106,7.2
48441,65090,60968,4122,6.3
6115,28813,24676,4137,14.4
29097,56898,52758,4140,7.3
1015,44212,40065,4147,9.4
8014,41029,36876,4153,10.1
29213,28542,24384,4158,14.6
26117,30305,26134,4171,13.8
29165,58068,53869,4199,7.2
36117,42780,38568,4212,9.8
13217,50140,45912,4228,8.4
42025,31610,27357,4253,13.5
54011,42658,38403,4255,10
48361,35132,30872,4260,12.1
48181,63050,58773,4277,6.8
22109,44970,40691,4279,9.5
5031,54931,50648,4283,7.8
53021,46767,42483,4284,9.2
27019,58666,54381,4285,7.3
39157,45934,41644,4290,9.3
6069,31334,27022,4312,13.8
51003,56877,52558,4319,7.6
34033,29699,25353,4346,14.6
5131,55436,51078,4358,7.9
13059,56866,52502,4364,7.7
36109,49184,44815,4369,8.9
12035,45000,40629,4371,9.7
37135,73069,68691,4378,6
24045,51407,47029,4378,8.5
56025,40001,35619,4382,11
37155,49441,45057,4384,8.9
47011,51657,47267,4390,8.5
29071,52100,47710,4390,8.4
53007,47246,42849,4397,9.3
28121,70341,65931,4410,6.3
22015,55622,51206,4416,7.9
19193,54579,50163,4416,8.1
5051,41374,36944,4430,10.7
18043,41424,36977,4447,10.7
4003,50587,46138,4449,8.8
37019,52396,47931,4465,8.5
36015,37669,33190,4479,11.9
42039,36833,32344,4489,12.2
45075,37214,32722,4492,12.1
45057,42601,38102,4499,10.6
44005,43424,38923,4501,10.4
26103,34524,30007,4517,13.1
37133,61724,57200,4524,7.3
48367,65894,61364,4530,6.9
36009,35060,30520,4540,12.9
5045,60005,55437,4568,7.6
39055,48199,43628,4571,9.5
2090,43854,39274,4580,10.4
45077,59299,54717,4582,7.7
23019,73861,69268,4593,6.2
26073,38104,33488,4616,12.1
19061,53335,48718,4617,8.7
30029,50375,45749,4626,9.2
26111,42395,37768,4627,10.9
42063,37437,32808,4629,12.4
6045,37630,32990,4640,12.3
26159,37387,32742,4645,12.4
12017,45375,40729,4646,10.2
26155,36347,31684,4663,12.8
30031,70822,66145,4677,6.6
48427,25368,20671,4697,18.5
36089,44071,39370,4701,10.7
12087,47377,42674,4703,9.9
47113,47209,42493,4716,10
39007,44492,39767,4725,10.6
36105,38750,34025,4725,12.2
55127,57198,52451,4747,8.3
53015,47729,42952,4777,10
49053,79831,75038,4793,6
39043,38053,33257,4796,12.6
36101,43208,38408,4800,11.1
36045,43157,38326,4831,11.2
55035,57575,52741,4834,8.4
46103,58501,53659,4842,8.3
18005,45608,40765,4843,10.6
39169,62603,57718,4885,7.8
54061,53328,48438,4890,9.2
37151,62730,57837,4893,7.8
30063,66814,61914,4900,7.3
55039,59131,54221,4910,8.3
55109,50710,45764,4946,9.8
39109,54050,49093,4957,9.2
47179,57320,52339,4981,8.7
54003,57015,52031,4984,8.7
40017,73034,68007,5027,6.9
55117,63297,58269,5028,7.9
55073,73441,68398,5043,6.9
12113,77273,72228,5045,6.5
41019,47600,42547,5053,10.6
48257,64193,59132,5061,7.9
55063,65304,60220,5084,7.8
4017,39649,34545,5104,12.9
20045,61904,56756,5148,8.3
51770,48623,43462,5161,10.6
42073,39330,34141,5189,13.2
42097,41680,36469,5211,12.5
33009,48398,43114,5284,10.9
22005,60817,55518,5299,8.7
48091,71954,66648,5306,7.4
35045,47204,41888,5316,11.3
27171,75233,69917,5316,7.1
47119,48096,42778,5318,11.1
72031,61166,55844,5322,8.7
45003,76324,70996,5328,7
39003,48475,43145,5330,11
1081,72187,66857,5330,7.4
6057,41076,35731,5345,13
48183,56006,50638,5368,9.6
37159,63613,58243,5370,8.4
47009,61473,56093,5380,8.8
45041,70743,65356,5387,7.6
29019,95157,89720,5437,5.7
16055,79955,74485,5470,6.8
13021,64754,59255,5499,8.5
41071,55862,50348,5514,9.9
51179,71131,65599,5532,7.8
22063,65257,59707,5550,8.5
51177,66717,61154,5563,8.3
30111,83685,78118,5567,6.7
25011,39481,33903,5578,14.1
36069,54490,48909,5581,10.2
51740,45447,39816,5631,12.4
48187,79827,74193,5634,7.1
13139,96260,90618,5642,5.9
37057,76254,70601,5653,7.4
12005,80163,74501,5662,7.1
13223,81983,76318,5665,6.9
36079,50810,45133,5677,11.2
72021,64966,59270,5696,8.8
12085,70946,65243,5703,8
42001,55404,49679,5725,10.3
39029,48171,42423,5748,11.9
18167,48094,42319,5775,12
38017,105612,99836,5776,5.5
13077,72024,66234,5790,8
12091,91760,85931,5829,6.4
12061,61039,55128,5911,9.7
8037,38024,32045,5979,15.7
39139,52981,46998,5983,11.3
1117,111323,105330,5993,5.4
24043,73494,67487,6007,8.2
18035,52819,46805,6014,11.4
9015,62841,56813,6028,9.6
24013,93895,87858,6037,6.4
19013,67690,61621,6069,9
35043,64231,58152,6079,9.5
36075,51778,45672,6106,11.8
37147,83923,77812,6111,7.3
45013,82372,76246,6126,7.4
55131,76936,70803,6133,8
22073,68332,62195,6137,9
2170,47119,40963,6156,13.1
37001,78797,72604,6193,7.9
28059,56901,50699,6202,10.9
42085,47254,41042,6212,13.1
36013,55450,49215,6235,11.2
48251,80959,74705,6254,7.7
42027,74549,68288,6261,8.4
37035,73246,66952,6294,8.6
18105,70328,64019,6309,9
16027,107806,101494,6312,5.9
47163,66548,60187,6361,9.6
26091,48801,42438,6363,13
19103,85105,78741,6364,7.5
28033,83868,77499,6369,7.6
37101,92519,86118,6401,6.9
42081,52880,46434,6446,12.2
12015,68617,62141,6476,9.4
48139,91416,84929,6487,7.1
44009,67136,60613,6523,9.7
6101,43350,36827,6523,15
17037,53692,47151,6541,12.2
41043,60183,53629,6554,10.9
26055,54615,48040,6575,12
39173,69702,63086,6616,9.5
35049,69953,63336,6617,9.5
18067,39549,32911,6638,16.8
9013,84976,78304,6672,7.9
26045,58591,51909,6682,11.4
13097,71260,64564,6696,9.4
47155,53262,46548,6714,12.6
31153,97888,91169,6719,6.9
20177,90311,83591,6720,7.4
39023,64630,57878,6752,10.4
13117,115348,108543,6805,5.9
37097,85863,79049,6814,7.9
47189,73441,66625,6816,9.3
17091,56900,50067,6833,12
22105,54071,47205,6866,12.7
42013,58262,51393,6869,11.8
27145,93762,86845,6917,7.4
12019,101413,94492,6921,6.8
6023,59912,52991,6921,11.6
17115,48053,41110,6943,14.4
15007,34541,27566,6975,20.2
45035,80361,73367,6994,8.7
39045,76962,69966,6996,9.1
49057,135379,128368,7011,5.2
55139,91026,84010,7016,7.7
12053,68857,61834,7023,10.2
26017,51642,44582,7060,13.7
53057,62710,55629,7081,11.3
42021,55095,48003,7092,12.9
27139,84475,77363,7112,8.4
26087,39491,32364,7127,18
1003,98279,91103,7176,7.3
21067,166414,159227,7187,4.3
13245,81757,74563,7194,8.8
23031,109382,102179,7203,6.6
18019,61929,54662,7267,11.7
13215,74067,66791,7276,9.8
39057,82831,75526,7305,8.8
24017,88031,80654,7377,8.4
26005,65439,58051,7388,11.3
37179,116928,109533,7395,6.3
18095,61378,53955,7423,12.1
17099,54963,47528,7435,13.5
48041,115811,108296,7515,6.5
51650,65482,57952,7530,11.5
17179,61010,53431,7579,12.4
9007,92692,85053,7639,8.2
34019,62975,55257,7718,12.3
18063,90517,82764,7753,8.6
34041,57580,49748,7832,13.6
27109,92192,84350,7842,8.5
55087,101727,93866,7861,7.7
18081,84272,76405,7867,9.3
13057,128581,120660,7921,6.2
8077,79326,71366,7960,10
5143,122230,114238,7992,6.5
47187,119932,111881,8051,6.7
36083,81214,73138,8076,9.9
18091,51798,43710,8088,15.6
35013,91937,83843,8094,8.8
37025,104490,96372,8118,7.8
45007,95081,86941,8140,8.6
39041,107788,99629,8159,7.6
20209,79087,70925,8162,10.3
33017,71492,63314,8178,11.4
55105,84589,76372,8217,9.7
39089,89502,81262,8240,9.2
39133,84539,76275,8264,9.8
50007,95845,87570,8275,8.6
6031,56790,48507,8283,14.6
46099,117504,109204,8300,7.1
8101,77572,69220,8352,10.8
47125,83225,74864,8361,10
48309,118299,109925,8374,7.1
6089,72761,64363,8398,11.5
51510,101568,93154,8414,8.3
5007,133646,125204,8442,6.3
48423,106382,97900,8482,8
42107,65952,57466,8486,12.9
42075,72399,63887,8512,11.8
12001,126797,118266,8531,6.7
42051,56446,47892,8554,15.2
49011,184379,175802,8577,4.7
19163,87971,79359,8612,9.8
9005,102874,94254,8620,8.4
6039,61547,52851,8696,14.1
42055,76891,68181,8710,11.3
12109,125497,116746,8751,7
55059,88718,79908,8810,9.9
33013,81919,73079,8840,10.8
45015,106504,97661,8843,8.3
37129,117309,108366,8943,7.6
17113,83659,74709,8950,10.7
51013,151113,142153,8960,5.9
1125,101051,91998,9053,9
36093,77605,68527,9078,11.7
37071,107008,97921,9087,8.5
47165,98009,88910,9099,9.3
28047,84795,75568,9227,10.9
6055,74216,64976,9240,12.5
48209,118060,108769,9291,7.9
54039,82375,73064,9311,11.3
4005,70333,60995,9338,13.3
34009,46630,37283,9347,20
18157,94194,84840,9354,9.9
17161,73036,63601,9435,12.9
40027,140068,130627,9441,6.7
29099,115058,105563,9495,8.3
55101,102018,92485,9533,9.3
17093,69599,59926,9673,13.9
36007,86018,76303,9715,11.3
48329,100998,91197,9801,9.7
53005,108955,99080,9875,9.1
45063,151999,142123,9876,6.5
22055,112342,102399,9943,8.9
4025,108341,98391,9950,9.2
26025,65658,55697,9961,15.2
24025,139366,129370,9996,7.2
22103,110754,100738,10016,9
29047,134845,124800,10045,7.4
22019,99798,89710,10088,10.1
44003,89793,79670,10123,11.3
39025,107539,97416,10123,9.4
42019,95567,85427,10140,10.6
51550,121655,111507,10148,8.3
24021,134098,123949,10149,7.6
12073,141950,131759,10191,7.2
36111,90687,80467,10220,11.3
27137,103798,93541,10257,9.9
25003,63772,53435,10337,16.2
26115,78375,68022,10353,13.2
72127,134556,124176,10380,7.7
13151,112441,102061,10380,9.2
48303,152318,141834,10484,6.9
39165,119421,108890,10531,8.8
53035,129106,118347,10759,8.3
23005,159990,149216,10774,6.7
39103,97049,86254,10795,11.1
17019,104399,93545,10854,10.4
18163,98764,87906,10858,11
4015,85201,74319,10882,12.8
51700,91073,80164,10909,12
26021,79465,68551,10914,13.7
12033,137655,126738,10917,7.9
6113,104131,93125,11006,10.6
34011,66401,55286,11115,16.7
48135,85961,74822,11139,13
36065,102313,91058,11255,11
19113,118878,107599,11279,9.5
48027,140185,128886,11299,8.1
26075,78649,67310,11339,14.4
12083,133949,122557,11392,8.5
29077,151229,139818,11411,7.5
22017,102399,90935,11464,11.2
6007,95052,83587,11465,12.1
1101,105649,94123,11526,10.9
10001,82123,70564,11559,14.1
27163,144201,132605,11596,8
48479,115398,103786,11612,10.1
39155,85913,74256,11657,13.6
34037,74575,62913,11662,15.6
41017,98235,86568,11667,11.9
6017,90731,78998,11733,12.9
15001,85963,74222,11741,13.7
1089,180283,168491,11792,6.5
18039,110293,98297,11996,10.9
18127,89845,77833,12012,13.4
17167,100796,88742,12054,12
25015,83870,71809,12061,14.4
42007,83435,71327,12108,14.5
28049,103500,91371,12129,11.7
53073,115432,103276,12156,10.5
37051,120519,108358,12161,10.1
37063,161009,148760,12249,7.6
41029,106335,94057,12278,11.5
36091,120007,107713,12294,10.2
55009,141745,129323,12422,8.8
24027,185680,173219,12461,6.7
10005,109461,96825,12636,11.5
31109,182159,169428,12731,7
13051,135626,122812,12814,9.4
53067,142545,129694,12851,9
42041,129362,116501,12861,9.9
26147,72569,59674,12895,17.8
17143,83424,70518,12906,15.5
51710,114000,100766,13234,11.6
26145,91173,77932,13241,14.5
26093,96192,82872,13320,13.8
42125,104360,91038,13322,12.8
6041,133049,119711,13338,10
37021,136567,123227,13340,9.8
39099,101967,88546,13421,13.2
49049,321425,307616,13809,4.3
45091,144273,130424,13849,9.6
12111,140733,126714,14019,10
48245,104312,90097,14215,13.6
18057,183860,169499,14361,7.8
53077,143023,128603,14420,10.1
42069,100172,85618,14554,14.5
12081,169470,154858,14612,8.6
16001,262637,248001,14636,5.6
37067,178598,163873,14725,8.2
42089,82481,67735,14746,17.9
36063,100839,86090,14749,14.6
51760,121337,106483,14854,12.2
26121,85195,70169,15026,17.6
51041,184630,169551,15079,8.2
39085,126444,111300,15144,12
6079,131852,116659,15193,11.5
12115,178383,162660,15723,8.8
48167,163153,147268,15885,9.7
45083,160476,144572,15904,9.9
29183,220538,204474,16064,7.3
12021,167339,151125,16214,9.7
48355,163183,146940,16243,10
51087,180695,164363,16332,9
26077,141317,124933,16384,11.6
36027,143374,126941,16433,11.5
17119,134991,118537,16454,12.2
36001,158696,142185,16511,10.4
41047,163915,147342,16573,10.1
47065,181595,164863,16732,9.2
48039,176327,159560,16767,9.5
51107,221037,204022,17015,7.7
8123,169810,152738,17072,10.1
8035,195979,178863,17116,8.7
9011,135642,118510,17132,12.6
6087,132624,115317,17307,13
13063,138270,120789,17481,12.6
45079,205581,187839,17742,8.6
2020,148507,130753,17754,12
55133,223411,205631,17780,8
27003,200193,182397,17796,8.9
45051,157430,139549,17881,11.4
42049,124627,106698,17929,14.4
26065,154907,136975,17932,11.6
15009,79765,61770,17995,22.6
4021,182345,164320,18025,9.9
6047,115263,97166,18097,15.7
18141,135569,117388,18181,13.4
17163,129404,111186,18218,14.1
48061,163479,145125,18354,11.2
29510,154089,135675,18414,12
26139,168886,150371,18515,11
36087,153199,134646,18553,12.1
47093,234467,215852,18615,7.9
8013,199071,180240,18831,9.5
5119,187273,168357,18916,10.1
47149,178913,159993,18920,10.6
8069,209001,189770,19231,9.2
42043,145349,126077,19272,13.3
39017,197232,177667,19565,9.9
51810,232335,212583,19752,8.5
21111,380877,361007,19870,5.2
39151,184763,164860,19903,10.8
6025,73995,53804,20191,27.3
4027,92592,72401,20191,21.8
6061,182643,162184,20459,11.2
32031,239542,219009,20533,8.6
45019,219754,198915,20839,9.5
25001,112887,92013,20874,18.5
12069,148228,127098,21130,14.3
33015,182654,161456,21198,11.6
41039,188592,167324,21268,11.3
39093,155886,134573,21313,13.7
12101,227635,206311,21324,9.4
48491,306343,284834,21509,7
42129,175562,154017,21545,12.3
1097,187724,166133,21591,11.5
34035,168215,146339,21876,13
42095,160508,138520,21988,13.7
26161,209165,187128,22037,10.5
27037,245510,223359,22151,9
15005,153780,131586,22194,17
45045,265940,243716,22224,8.4
22033,221899,199520,22379,10.1
17111,167088,144678,22410,13.4
17201,139841,117366,22475,16.1
55025,309173,286603,22570,7.3
18003,189587,166826,22761,12
51153,247422,224579,22843,9.2
20091,339120,315963,23157,6.8
36071,182798,159635,23163,12.7
24003,313373,290068,23305,7.4
40143,308125,284758,23367,7.6
12117,227754,204313,23441,10.3
12009,275711,252245,23466,8.5
12127,243978,220208,23770,9.7
34015,154066,130286,23780,15.4
37081,252788,228876,23912,9.5
41005,223761,199744,24017,10.7
34021,201061,176849,24212,12
53011,238231,213931,24300,10.2
48339,278703,254386,24317,8.7
42079,151713,127302,24411,16.1
53063,248397,223869,24528,9.9
6083,213479,188757,24722,11.6
19153,262192,237115,25077,9.6
22051,205993,180110,25883,12.6
36067,219802,193244,26558,12.1
31055,308477,281691,26786,8.7
1073,314291,287484,26807,8.5
42133,233693,206760,26933,11.5
42029,273637,246312,27325,10
6095,202366,174696,27670,13.7
42077,193091,165417,27674,14.3
40109,378785,351018,27767,7.3
35001,322782,294305,28477,8.8
22071,178401,149781,28620,16
24510,288949,260176,28773,10
39095,213272,184432,28840,13.5
33011,241099,212065,29034,12
6097,253579,224379,29200,11.5
42011,224125,194687,29438,13.1
6053,204625,175069,29556,14.4
20173,258159,228585,29574,11.5
39113,257914,228017,29897,11.6
27123,297826,267619,30207,10.1
13067,407444,376960,30484,7.5
39153,268405,237619,30786,11.5
29095,360536,328722,31814,8.8
26049,196253,164391,31862,16.2
34005,233356,201474,31882,13.7
42071,290201,257712,32489,11.2
12071,333525,300961,32564,9.8
41067,329298,296686,32612,9.9
8001,282039,249254,32785,11.6
34027,253380,219683,33697,13.3
6107,195510,161797,33713,17.2
48157,385787,351160,34627,9
48141,354048,319161,34887,9.9
6099,235818,200397,35421,15
11001,397766,362093,35673,9
17089,268103,232341,35762,13.3
8059,344382,308397,35985,10.4
8041,351888,315356,36532,10.4
24005,452516,415008,37508,8.3
18089,242180,204014,38166,15.8
36085,210986,172730,38256,18.1
13135,472025,433665,38360,8.1
10003,300227,261849,38378,12.8
48121,492871,454236,38635,7.8
13089,391619,352596,39023,10
12031,471050,430702,40348,8.6
37183,561065,520435,40630,7.2
49035,653367,612525,40842,6.3
42045,300314,259461,40853,13.6
48085,559022,516831,42191,7.5
12103,472897,430425,42472,9
17097,369695,327032,42663,11.5
42017,335289,292613,42676,12.7
34007,262052,219347,42705,16.3
12105,305336,262330,43006,14.1
36055,361642,318433,43209,11.9
44007,327326,283901,43425,13.3
8005,378525,334946,43579,11.5
12097,190370,146751,43619,22.9
25013,223241,179211,44030,19.7
53061,452733,408568,44165,9.8
34001,129318,84996,44322,34.3
34039,279295,234314,44981,16.1
48215,353115,308055,45060,12.8
9009,457429,412037,45392,9.9
34029,277231,231687,45544,16.4
24031,563158,517562,45596,8.1
39061,425371,379135,46236,10.9
29189,523172,476718,46454,8.9
26081,381507,334679,46828,12.3
9001,471184,423427,47757,10.1
6081,442034,394201,47833,10.8
47037,399569,351325,48244,12.1
4019,494119,445181,48938,9.9
9003,480240,430995,49245,10.3
34025,328333,278322,50011,15.2
53053,445898,394823,51075,11.5
24033,520916,469379,51537,9.9
34031,255890,204188,51702,20.2
42091,439388,387649,51739,11.8
51059,635914,584111,51803,8.1
8031,434773,382895,51878,11.9
37119,601674,549771,51903,8.6
6077,326591,274642,51949,15.9
6111,411859,359875,51984,12.6
15003,414849,362786,52063,12.5
25023,280926,228539,52387,18.6
55079,477594,422557,55037,11.5
48453,729182,673540,55642,7.6
17197,365952,310257,55695,15.2
13121,547257,491487,55770,10.2
47157,438106,380457,57649,13.2
25005,304218,245511,58707,19.3
36119,479796,419677,60119,12.5
36029,448039,387588,60451,13.5
18097,512150,448968,63182,12.3
34023,435682,371634,64048,14.7
41051,477991,413758,64233,13.4
25021,380918,316546,64372,16.9
12057,716883,651328,65555,9.1
6019,450878,385192,65686,14.6
34017,373575,307832,65743,17.6
6029,377709,311639,66070,17.5
17043,512330,445269,67061,13.1
34013,380350,310263,70087,18.4
12099,678071,607538,70533,10.4
27053,725393,654433,70960,9.8
6075,570229,499148,71081,12.5
6013,546598,473290,73308,13.4
25027,442826,368386,74440,16.8
39049,701467,626811,74656,10.6
26099,433341,354571,78770,18.2
42003,632028,552557,79471,12.6
34003,492383,412463,79920,16.2
25009,424677,341754,82923,19.5
48029,946146,862627,83519,8.8
25025,459453,368277,91176,19.8
36059,713082,620515,92567,13
26125,632852,539631,93221,14.7
48439,1078015,983594,94421,8.8
6067,707786,611667,96119,13.6
39035,633447,537095,96352,15.2
36103,780001,679572,100429,12.9
6001,823402,712705,110697,13.4
6085,1039980,929114,110866,10.7
12011,992435,875315,117120,11.8
53033,1324780,1203449,121331,9.2
48113,1368022,1245996,122026,8.9
12095,736500,609638,126862,17.2
25017,877013,748045,128968,14.7
42101,739488,608945,130543,17.7
6071,955972,823965,132007,13.8
36061,848904,712906,135998,16
12086,1269957,1124302,145655,11.5
36005,607488,457728,149760,24.7
26163,779293,618356,160937,20.7
6065,1099218,936913,162305,14.8
32003,1088462,892014,196448,18
6059,1595002,1376966,218036,13.7
6073,1580385,1361137,219248,13.9
4013,2288896,2066225,222671,9.7
48201,2302599,2066379,236220,10.3
36047,1171509,931270,240239,20.5
36081,1138967,890849,248118,21.8
17031,2730470,2254965,475505,17.4
6037,4911443,3954170,957273,19.5